2.296034956979031350e+01 0.000000000000000000e+00 0.000000000000000000e+00 2.610807384316674200e-09
2.296034956979031350e+01 0.000000000000000000e+00 1.000000000000000000e+00 4.396842101774240929e-09
2.296034956979031350e+01 0.000000000000000000e+00 2.000000000000000000e+00 5.139577647050160844e-09
2.296034956979031350e+01 0.000000000000000000e+00 3.000000000000000000e+00 5.606470126742568886e-09
2.296034956979031350e+01 0.000000000000000000e+00 4.000000000000000000e+00 6.024703543553503536e-09
2.296034956979031350e+01 1.000000000000000000e+00 0.000000000000000000e+00 4.396842101774240929e-09
2.296034956979031350e+01 1.000000000000000000e+00 1.000000000000000000e+00 9.197022958092538984e-09
2.296034956979031350e+01 1.000000000000000000e+00 2.000000000000000000e+00 1.203163636619606291e-08
2.296034956979031350e+01 1.000000000000000000e+00 3.000000000000000000e+00 1.392497834968236877e-08
2.296034956979031350e+01 1.000000000000000000e+00 4.000000000000000000e+00 1.562532045121179614e-08
2.296034956979031350e+01 2.000000000000000000e+00 0.000000000000000000e+00 5.139577647050160844e-09
2.296034956979031350e+01 2.000000000000000000e+00 1.000000000000000000e+00 1.203163636619606291e-08
2.296034956979031350e+01 2.000000000000000000e+00 2.000000000000000000e+00 1.740862499493252297e-08
2.296034956979031350e+01 2.000000000000000000e+00 3.000000000000000000e+00 2.158614626429003477e-08
2.296034956979031350e+01 2.000000000000000000e+00 4.000000000000000000e+00 2.543846836810349832e-08
2.296034956979031350e+01 3.000000000000000000e+00 0.000000000000000000e+00 5.606470126742568886e-09
2.296034956979031350e+01 3.000000000000000000e+00 1.000000000000000000e+00 1.392497834968236877e-08
2.296034956979031350e+01 3.000000000000000000e+00 2.000000000000000000e+00 2.158614626429003477e-08
2.296034956979031350e+01 3.000000000000000000e+00 3.000000000000000000e+00 2.877712178430764856e-08
2.296034956979031350e+01 3.000000000000000000e+00 4.000000000000000000e+00 3.616210193946214754e-08
2.296034956979031350e+01 4.000000000000000000e+00 0.000000000000000000e+00 6.024703543553503536e-09
2.296034956979031350e+01 4.000000000000000000e+00 1.000000000000000000e+00 1.562532045121179614e-08
2.296034956979031350e+01 4.000000000000000000e+00 2.000000000000000000e+00 2.543846836810349832e-08
2.296034956979031350e+01 4.000000000000000000e+00 3.000000000000000000e+00 3.616210193946214754e-08
2.296034956979031350e+01 4.000000000000000000e+00 4.000000000000000000e+00 4.996268074107922975e-08
3.026045795931756999e+01 0.000000000000000000e+00 0.000000000000000000e+00 1.902818646831522543e-09
3.026045795931756999e+01 0.000000000000000000e+00 1.000000000000000000e+00 3.260497362120847547e-09
3.026045795931756999e+01 0.000000000000000000e+00 2.000000000000000000e+00 3.832372066666461294e-09
3.026045795931756999e+01 0.000000000000000000e+00 3.000000000000000000e+00 4.192159924694870137e-09
3.026045795931756999e+01 0.000000000000000000e+00 4.000000000000000000e+00 4.514454546327935220e-09
3.026045795931756999e+01 1.000000000000000000e+00 0.000000000000000000e+00 3.260497362120847547e-09
3.026045795931756999e+01 1.000000000000000000e+00 1.000000000000000000e+00 6.995357664118955418e-09
3.026045795931756999e+01 1.000000000000000000e+00 2.000000000000000000e+00 9.263339078373495758e-09
3.026045795931756999e+01 1.000000000000000000e+00 3.000000000000000000e+00 1.079042215786557515e-08
3.026045795931756999e+01 1.000000000000000000e+00 4.000000000000000000e+00 1.216251158972240259e-08
3.026045795931756999e+01 2.000000000000000000e+00 0.000000000000000000e+00 3.832372066666461294e-09
3.026045795931756999e+01 2.000000000000000000e+00 1.000000000000000000e+00 9.263339078373495758e-09
3.026045795931756999e+01 2.000000000000000000e+00 2.000000000000000000e+00 1.371445213331527797e-08
3.026045795931756999e+01 2.000000000000000000e+00 3.000000000000000000e+00 1.726465234289643456e-08
3.026045795931756999e+01 2.000000000000000000e+00 4.000000000000000000e+00 2.055461099725257535e-08
3.026045795931756999e+01 3.000000000000000000e+00 0.000000000000000000e+00 4.192159924694870137e-09
3.026045795931756999e+01 3.000000000000000000e+00 1.000000000000000000e+00 1.079042215786557515e-08
3.026045795931756999e+01 3.000000000000000000e+00 2.000000000000000000e+00 1.726465234289643456e-08
3.026045795931756999e+01 3.000000000000000000e+00 3.000000000000000000e+00 2.363979338461653064e-08
3.026045795931756999e+01 3.000000000000000000e+00 4.000000000000000000e+00 3.032174445092235327e-08
3.026045795931756999e+01 4.000000000000000000e+00 0.000000000000000000e+00 4.514454546327935220e-09
3.026045795931756999e+01 4.000000000000000000e+00 1.000000000000000000e+00 1.216251158972240259e-08
3.026045795931756999e+01 4.000000000000000000e+00 2.000000000000000000e+00 2.055461099725257535e-08
3.026045795931756999e+01 4.000000000000000000e+00 3.000000000000000000e+00 3.032174445092235327e-08
3.026045795931756999e+01 4.000000000000000000e+00 4.000000000000000000e+00 4.351048892871075334e-08
3.988159296635606665e+01 0.000000000000000000e+00 0.000000000000000000e+00 1.355656653603380333e-09
3.988159296635606665e+01 0.000000000000000000e+00 1.000000000000000000e+00 2.359273718240465126e-09
3.988159296635606665e+01 0.000000000000000000e+00 2.000000000000000000e+00 2.788981355327360819e-09
3.988159296635606665e+01 0.000000000000000000e+00 3.000000000000000000e+00 3.059448842743828422e-09
3.988159296635606665e+01 0.000000000000000000e+00 4.000000000000000000e+00 3.301732834539307389e-09
3.988159296635606665e+01 1.000000000000000000e+00 0.000000000000000000e+00 2.359273718240465126e-09
3.988159296635606665e+01 1.000000000000000000e+00 1.000000000000000000e+00 5.195837058099093305e-09
3.988159296635606665e+01 1.000000000000000000e+00 2.000000000000000000e+00 6.950023186892939528e-09
3.988159296635606665e+01 1.000000000000000000e+00 3.000000000000000000e+00 8.136233831959162843e-09
3.988159296635606665e+01 1.000000000000000000e+00 4.000000000000000000e+00 9.202447136839759654e-09
3.988159296635606665e+01 2.000000000000000000e+00 0.000000000000000000e+00 2.788981355327360819e-09
3.988159296635606665e+01 2.000000000000000000e+00 1.000000000000000000e+00 6.950023186892939528e-09
3.988159296635606665e+01 2.000000000000000000e+00 2.000000000000000000e+00 1.045694677308020455e-08
3.988159296635606665e+01 2.000000000000000000e+00 3.000000000000000000e+00 1.330662688576573357e-08
3.988159296635606665e+01 2.000000000000000000e+00 4.000000000000000000e+00 1.595948237945921851e-08
3.988159296635606665e+01 3.000000000000000000e+00 0.000000000000000000e+00 3.059448842743828422e-09
3.988159296635606665e+01 3.000000000000000000e+00 1.000000000000000000e+00 8.136233831959162843e-09
3.988159296635606665e+01 3.000000000000000000e+00 2.000000000000000000e+00 1.330662688576573357e-08
3.988159296635606665e+01 3.000000000000000000e+00 3.000000000000000000e+00 1.860251684260258356e-08
3.988159296635606665e+01 3.000000000000000000e+00 4.000000000000000000e+00 2.427166102059334793e-08
3.988159296635606665e+01 4.000000000000000000e+00 0.000000000000000000e+00 3.301732834539307389e-09
3.988159296635606665e+01 4.000000000000000000e+00 1.000000000000000000e+00 9.202447136839759654e-09
3.988159296635606665e+01 4.000000000000000000e+00 2.000000000000000000e+00 1.595948237945921851e-08
3.988159296635606665e+01 4.000000000000000000e+00 3.000000000000000000e+00 2.427166102059334793e-08
3.988159296635606665e+01 4.000000000000000000e+00 4.000000000000000000e+00 3.610835011630582982e-08
5.256171138164663148e+01 0.000000000000000000e+00 0.000000000000000000e+00 9.524086247381845130e-10
5.256171138164663148e+01 0.000000000000000000e+00 1.000000000000000000e+00 1.667229136062288725e-09
5.256171138164663148e+01 0.000000000000000000e+00 2.000000000000000000e+00 1.979340977117112749e-09
5.256171138164663148e+01 0.000000000000000000e+00 3.000000000000000000e+00 2.175952736330943119e-09
5.256171138164663148e+01 0.000000000000000000e+00 4.000000000000000000e+00 2.352077893950579366e-09
5.256171138164663148e+01 1.000000000000000000e+00 0.000000000000000000e+00 1.667229136062288725e-09
5.256171138164663148e+01 1.000000000000000000e+00 1.000000000000000000e+00 3.758551062716374049e-09
5.256171138164663148e+01 1.000000000000000000e+00 2.000000000000000000e+00 5.089089123550493343e-09
5.256171138164663148e+01 1.000000000000000000e+00 3.000000000000000000e+00 5.990771371760861645e-09
5.256171138164663148e+01 1.000000000000000000e+00 4.000000000000000000e+00 6.801368895772835048e-09
5.256171138164663148e+01 2.000000000000000000e+00 0.000000000000000000e+00 1.979340977117112749e-09
5.256171138164663148e+01 2.000000000000000000e+00 1.000000000000000000e+00 5.089089123550493343e-09
5.256171138164663148e+01 2.000000000000000000e+00 2.000000000000000000e+00 7.784689136086265472e-09
5.256171138164663148e+01 2.000000000000000000e+00 3.000000000000000000e+00 9.990557337642117137e-09
5.256171138164663148e+01 2.000000000000000000e+00 4.000000000000000000e+00 1.204935187404969701e-08
5.256171138164663148e+01 3.000000000000000000e+00 0.000000000000000000e+00 2.175952736330943119e-09
5.256171138164663148e+01 3.000000000000000000e+00 1.000000000000000000e+00 5.990771371760861645e-09
5.256171138164663148e+01 3.000000000000000000e+00 2.000000000000000000e+00 9.990557337642117137e-09
5.256171138164663148e+01 3.000000000000000000e+00 3.000000000000000000e+00 1.416663587517825052e-08
5.256171138164663148e+01 3.000000000000000000e+00 4.000000000000000000e+00 1.870832479220960519e-08
5.256171138164663148e+01 4.000000000000000000e+00 0.000000000000000000e+00 2.352077893950579366e-09
5.256171138164663148e+01 4.000000000000000000e+00 1.000000000000000000e+00 6.801368895772835048e-09
5.256171138164663148e+01 4.000000000000000000e+00 2.000000000000000000e+00 1.204935187404969701e-08
5.256171138164663148e+01 4.000000000000000000e+00 3.000000000000000000e+00 1.870832479220960519e-08
5.256171138164663148e+01 4.000000000000000000e+00 4.000000000000000000e+00 2.865337402046106220e-08
6.927339902641679714e+01 0.000000000000000000e+00 0.000000000000000000e+00 6.696187712936506216e-10
6.927339902641679714e+01 0.000000000000000000e+00 1.000000000000000000e+00 1.165654376177264697e-09
6.927339902641679714e+01 0.000000000000000000e+00 2.000000000000000000e+00 1.383871081781215320e-09
6.927339902641679714e+01 0.000000000000000000e+00 3.000000000000000000e+00 1.521521014307122921e-09
6.927339902641679714e+01 0.000000000000000000e+00 4.000000000000000000e+00 1.644829369152299809e-09
6.927339902641679714e+01 1.000000000000000000e+00 0.000000000000000000e+00 1.165654376177264697e-09
6.927339902641679714e+01 1.000000000000000000e+00 1.000000000000000000e+00 2.642263380696408420e-09
6.927339902641679714e+01 1.000000000000000000e+00 2.000000000000000000e+00 3.615512951897380445e-09
6.927339902641679714e+01 1.000000000000000000e+00 3.000000000000000000e+00 4.279589061018684148e-09
6.927339902641679714e+01 1.000000000000000000e+00 4.000000000000000000e+00 4.876700865310205085e-09
6.927339902641679714e+01 2.000000000000000000e+00 0.000000000000000000e+00 1.383871081781215320e-09
6.927339902641679714e+01 2.000000000000000000e+00 1.000000000000000000e+00 3.615512951897380445e-09
6.927339902641679714e+01 2.000000000000000000e+00 2.000000000000000000e+00 5.645808266960736922e-09
6.927339902641679714e+01 2.000000000000000000e+00 3.000000000000000000e+00 7.322822306589696360e-09
6.927339902641679714e+01 2.000000000000000000e+00 4.000000000000000000e+00 8.889331222315556888e-09
6.927339902641679714e+01 3.000000000000000000e+00 0.000000000000000000e+00 1.521521014307122921e-09
6.927339902641679714e+01 3.000000000000000000e+00 1.000000000000000000e+00 4.279589061018684148e-09
6.927339902641679714e+01 3.000000000000000000e+00 2.000000000000000000e+00 7.322822306589696360e-09
6.927339902641679714e+01 3.000000000000000000e+00 3.000000000000000000e+00 1.053285208018761639e-08
6.927339902641679714e+01 3.000000000000000000e+00 4.000000000000000000e+00 1.404379074975211236e-08
6.927339902641679714e+01 4.000000000000000000e+00 0.000000000000000000e+00 1.644829369152299809e-09
6.927339902641679714e+01 4.000000000000000000e+00 1.000000000000000000e+00 4.876700865310205085e-09
6.927339902641679714e+01 4.000000000000000000e+00 2.000000000000000000e+00 8.889331222315556888e-09
6.927339902641679714e+01 4.000000000000000000e+00 3.000000000000000000e+00 1.404379074975211236e-08
6.927339902641679714e+01 4.000000000000000000e+00 4.000000000000000000e+00 2.194694665727543891e-08
9.129846967556690629e+01 0.000000000000000000e+00 0.000000000000000000e+00 4.744974532121197272e-10
9.129846967556690629e+01 0.000000000000000000e+00 1.000000000000000000e+00 8.185099542840540924e-10
9.129846967556690629e+01 0.000000000000000000e+00 2.000000000000000000e+00 9.692783382281876428e-10
9.129846967556690629e+01 0.000000000000000000e+00 3.000000000000000000e+00 1.064406205312427770e-09
9.129846967556690629e+01 0.000000000000000000e+00 4.000000000000000000e+00 1.149623903504553747e-09
9.129846967556690629e+01 1.000000000000000000e+00 0.000000000000000000e+00 8.185099542840540924e-10
9.129846967556690629e+01 1.000000000000000000e+00 1.000000000000000000e+00 1.836923202944765553e-09
9.129846967556690629e+01 1.000000000000000000e+00 2.000000000000000000e+00 2.513655647195203467e-09
9.129846967556690629e+01 1.000000000000000000e+00 3.000000000000000000e+00 2.979387586541951807e-09
9.129846967556690629e+01 1.000000000000000000e+00 4.000000000000000000e+00 3.398393942993825608e-09
9.129846967556690629e+01 2.000000000000000000e+00 0.000000000000000000e+00 9.692783382281876428e-10
9.129846967556690629e+01 2.000000000000000000e+00 1.000000000000000000e+00 2.513655647195203467e-09
9.129846967556690629e+01 2.000000000000000000e+00 2.000000000000000000e+00 3.967170193795276580e-09
9.129846967556690629e+01 2.000000000000000000e+00 3.000000000000000000e+00 5.199098142348344204e-09
9.129846967556690629e+01 2.000000000000000000e+00 4.000000000000000000e+00 6.353672493827877721e-09
9.129846967556690629e+01 3.000000000000000000e+00 0.000000000000000000e+00 1.064406205312427770e-09
9.129846967556690629e+01 3.000000000000000000e+00 1.000000000000000000e+00 2.979387586541951807e-09
9.129846967556690629e+01 3.000000000000000000e+00 2.000000000000000000e+00 5.199098142348344204e-09
9.129846967556690629e+01 3.000000000000000000e+00 3.000000000000000000e+00 7.623648491526659354e-09
9.129846967556690629e+01 3.000000000000000000e+00 4.000000000000000000e+00 1.029077173651515624e-08
9.129846967556690629e+01 4.000000000000000000e+00 0.000000000000000000e+00 1.149623903504553747e-09
9.129846967556690629e+01 4.000000000000000000e+00 1.000000000000000000e+00 3.398393942993825608e-09
9.129846967556690629e+01 4.000000000000000000e+00 2.000000000000000000e+00 6.353672493827877721e-09
9.129846967556690629e+01 4.000000000000000000e+00 3.000000000000000000e+00 1.029077173651515624e-08
9.129846967556690629e+01 4.000000000000000000e+00 4.000000000000000000e+00 1.638543612735237390e-08
1.203262822706559376e+02 0.000000000000000000e+00 0.000000000000000000e+00 3.396633911437220039e-10
1.203262822706559376e+02 0.000000000000000000e+00 1.000000000000000000e+00 5.793078684554503736e-10
1.203262822706559376e+02 0.000000000000000000e+00 2.000000000000000000e+00 6.838425765847374143e-10
1.203262822706559376e+02 0.000000000000000000e+00 3.000000000000000000e+00 7.497856095499793562e-10
1.203262822706559376e+02 0.000000000000000000e+00 4.000000000000000000e+00 8.088587347204153172e-10
1.203262822706559376e+02 1.000000000000000000e+00 0.000000000000000000e+00 5.793078684554503736e-10
1.203262822706559376e+02 1.000000000000000000e+00 1.000000000000000000e+00 1.283449480375972519e-09
1.203262822706559376e+02 1.000000000000000000e+00 2.000000000000000000e+00 1.748601840366687788e-09
1.203262822706559376e+02 1.000000000000000000e+00 3.000000000000000000e+00 2.068359975750156524e-09
1.203262822706559376e+02 1.000000000000000000e+00 4.000000000000000000e+00 2.356119325727728811e-09
1.203262822706559376e+02 2.000000000000000000e+00 0.000000000000000000e+00 6.838425765847374143e-10
1.203262822706559376e+02 2.000000000000000000e+00 1.000000000000000000e+00 1.748601840366687788e-09
1.203262822706559376e+02 2.000000000000000000e+00 2.000000000000000000e+00 2.744782219600893700e-09
1.203262822706559376e+02 2.000000000000000000e+00 3.000000000000000000e+00 3.599541677537324289e-09
1.203262822706559376e+02 2.000000000000000000e+00 4.000000000000000000e+00 4.405210886603840387e-09
1.203262822706559376e+02 3.000000000000000000e+00 0.000000000000000000e+00 7.497856095499793562e-10
1.203262822706559376e+02 3.000000000000000000e+00 1.000000000000000000e+00 2.068359975750156524e-09
1.203262822706559376e+02 3.000000000000000000e+00 2.000000000000000000e+00 3.599541677537324289e-09
1.203262822706559376e+02 3.000000000000000000e+00 3.000000000000000000e+00 5.337485270497168390e-09
1.203262822706559376e+02 3.000000000000000000e+00 4.000000000000000000e+00 7.291397496602410949e-09
1.203262822706559376e+02 4.000000000000000000e+00 0.000000000000000000e+00 8.088587347204153172e-10
1.203262822706559376e+02 4.000000000000000000e+00 1.000000000000000000e+00 2.356119325727728811e-09
1.203262822706559376e+02 4.000000000000000000e+00 2.000000000000000000e+00 4.405210886603840387e-09
1.203262822706559376e+02 4.000000000000000000e+00 3.000000000000000000e+00 7.291397496602410949e-09
1.203262822706559376e+02 4.000000000000000000e+00 4.000000000000000000e+00 1.191359882889250675e-08
1.585833175137243529e+02 0.000000000000000000e+00 0.000000000000000000e+00 2.456662276207648927e-10
1.585833175137243529e+02 0.000000000000000000e+00 1.000000000000000000e+00 4.146772887607907812e-10
1.585833175137243529e+02 0.000000000000000000e+00 2.000000000000000000e+00 4.875914459784603599e-10
1.585833175137243529e+02 0.000000000000000000e+00 3.000000000000000000e+00 5.335789316232229644e-10
1.585833175137243529e+02 0.000000000000000000e+00 4.000000000000000000e+00 5.747754445549485306e-10
1.585833175137243529e+02 1.000000000000000000e+00 0.000000000000000000e+00 4.146772887607907812e-10
1.585833175137243529e+02 1.000000000000000000e+00 1.000000000000000000e+00 9.023805584392859113e-10
1.585833175137243529e+02 1.000000000000000000e+00 2.000000000000000000e+00 1.222365090730312009e-09
1.585833175137243529e+02 1.000000000000000000e+00 3.000000000000000000e+00 1.442453732057468452e-09
1.585833175137243529e+02 1.000000000000000000e+00 4.000000000000000000e+00 1.640484740959310439e-09
1.585833175137243529e+02 2.000000000000000000e+00 0.000000000000000000e+00 4.875914459784603599e-10
1.585833175137243529e+02 2.000000000000000000e+00 1.000000000000000000e+00 1.222365090730312009e-09
1.585833175137243529e+02 2.000000000000000000e+00 2.000000000000000000e+00 1.907421896712247200e-09
1.585833175137243529e+02 2.000000000000000000e+00 3.000000000000000000e+00 2.492026219286899423e-09
1.585833175137243529e+02 2.000000000000000000e+00 4.000000000000000000e+00 3.042582847184284775e-09
1.585833175137243529e+02 3.000000000000000000e+00 0.000000000000000000e+00 5.335789316232229644e-10
1.585833175137243529e+02 3.000000000000000000e+00 1.000000000000000000e+00 1.442453732057468452e-09
1.585833175137243529e+02 3.000000000000000000e+00 2.000000000000000000e+00 2.492026219286899423e-09
1.585833175137243529e+02 3.000000000000000000e+00 3.000000000000000000e+00 3.676397885812756474e-09
1.585833175137243529e+02 3.000000000000000000e+00 4.000000000000000000e+00 5.024621171045390037e-09
1.585833175137243529e+02 4.000000000000000000e+00 0.000000000000000000e+00 5.747754445549485306e-10
1.585833175137243529e+02 4.000000000000000000e+00 1.000000000000000000e+00 1.640484740959310439e-09
1.585833175137243529e+02 4.000000000000000000e+00 2.000000000000000000e+00 3.042582847184284775e-09
1.585833175137243529e+02 4.000000000000000000e+00 3.000000000000000000e+00 5.024621171045390037e-09
1.585833175137243529e+02 4.000000000000000000e+00 4.000000000000000000e+00 8.366851123802309328e-09
2.090039525786275476e+02 0.000000000000000000e+00 0.000000000000000000e+00 1.786114049654462046e-10
2.090039525786275476e+02 0.000000000000000000e+00 1.000000000000000000e+00 2.998560203698341988e-10
2.090039525786275476e+02 0.000000000000000000e+00 2.000000000000000000e+00 3.515523394989190819e-10
2.090039525786275476e+02 0.000000000000000000e+00 3.000000000000000000e+00 3.841371508226559867e-10
2.090039525786275476e+02 0.000000000000000000e+00 4.000000000000000000e+00 4.133271225628679097e-10
2.090039525786275476e+02 1.000000000000000000e+00 0.000000000000000000e+00 2.998560203698341988e-10
2.090039525786275476e+02 1.000000000000000000e+00 1.000000000000000000e+00 6.425419770899850844e-10
2.090039525786275476e+02 1.000000000000000000e+00 2.000000000000000000e+00 8.631193239768389025e-10
2.090039525786275476e+02 1.000000000000000000e+00 3.000000000000000000e+00 1.014470957825809991e-09
2.090039525786275476e+02 1.000000000000000000e+00 4.000000000000000000e+00 1.150664255149922419e-09
2.090039525786275476e+02 2.000000000000000000e+00 0.000000000000000000e+00 3.515523394989190819e-10
2.090039525786275476e+02 2.000000000000000000e+00 1.000000000000000000e+00 8.631193239768389025e-10
2.090039525786275476e+02 2.000000000000000000e+00 2.000000000000000000e+00 1.330555066532500401e-09
2.090039525786275476e+02 2.000000000000000000e+00 3.000000000000000000e+00 1.730571868137098279e-09
2.090039525786275476e+02 2.000000000000000000e+00 4.000000000000000000e+00 2.107556772367505884e-09
2.090039525786275476e+02 3.000000000000000000e+00 0.000000000000000000e+00 3.841371508226559867e-10
2.090039525786275476e+02 3.000000000000000000e+00 1.000000000000000000e+00 1.014470957825809991e-09
2.090039525786275476e+02 3.000000000000000000e+00 2.000000000000000000e+00 1.730571868137098279e-09
2.090039525786275476e+02 3.000000000000000000e+00 3.000000000000000000e+00 2.542421733512385947e-09
2.090039525786275476e+02 3.000000000000000000e+00 4.000000000000000000e+00 3.460985377670809687e-09
2.090039525786275476e+02 4.000000000000000000e+00 0.000000000000000000e+00 4.133271225628679097e-10
2.090039525786275476e+02 4.000000000000000000e+00 1.000000000000000000e+00 1.150664255149922419e-09
2.090039525786275476e+02 4.000000000000000000e+00 2.000000000000000000e+00 2.107556772367505884e-09
2.090039525786275476e+02 4.000000000000000000e+00 3.000000000000000000e+00 3.460985377670809687e-09
2.090039525786275476e+02 4.000000000000000000e+00 4.000000000000000000e+00 5.741649631820443919e-09
2.754555326395460497e+02 0.000000000000000000e+00 0.000000000000000000e+00 1.294968895639695438e-10
2.754555326395460497e+02 0.000000000000000000e+00 1.000000000000000000e+00 2.177487087842765651e-10
2.754555326395460497e+02 0.000000000000000000e+00 2.000000000000000000e+00 2.550098070753911330e-10
2.754555326395460497e+02 0.000000000000000000e+00 3.000000000000000000e+00 2.784806594889992995e-10
2.754555326395460497e+02 0.000000000000000000e+00 4.000000000000000000e+00 2.995060738879889176e-10
2.754555326395460497e+02 1.000000000000000000e+00 0.000000000000000000e+00 2.177487087842765651e-10
2.754555326395460497e+02 1.000000000000000000e+00 1.000000000000000000e+00 4.627056019049946668e-10
2.754555326395460497e+02 1.000000000000000000e+00 2.000000000000000000e+00 6.172295756342620517e-10
2.754555326395460497e+02 1.000000000000000000e+00 3.000000000000000000e+00 7.228746734602910206e-10
2.754555326395460497e+02 1.000000000000000000e+00 4.000000000000000000e+00 8.179151930380525978e-10
2.754555326395460497e+02 2.000000000000000000e+00 0.000000000000000000e+00 2.550098070753911330e-10
2.754555326395460497e+02 2.000000000000000000e+00 1.000000000000000000e+00 6.172295756342620517e-10
2.754555326395460497e+02 2.000000000000000000e+00 2.000000000000000000e+00 9.395119465294578572e-10
2.754555326395460497e+02 2.000000000000000000e+00 3.000000000000000000e+00 1.212536060535292415e-09
2.754555326395460497e+02 2.000000000000000000e+00 4.000000000000000000e+00 1.469495885269780938e-09
2.754555326395460497e+02 3.000000000000000000e+00 0.000000000000000000e+00 2.784806594889992995e-10
2.754555326395460497e+02 3.000000000000000000e+00 1.000000000000000000e+00 7.228746734602910206e-10
2.754555326395460497e+02 3.000000000000000000e+00 2.000000000000000000e+00 1.212536060535292415e-09
2.754555326395460497e+02 3.000000000000000000e+00 3.000000000000000000e+00 1.761365856325888146e-09
2.754555326395460497e+02 3.000000000000000000e+00 4.000000000000000000e+00 2.385383624140714238e-09
2.754555326395460497e+02 4.000000000000000000e+00 0.000000000000000000e+00 2.995060738879889176e-10
2.754555326395460497e+02 4.000000000000000000e+00 1.000000000000000000e+00 8.179151930380525978e-10
2.754555326395460497e+02 4.000000000000000000e+00 2.000000000000000000e+00 1.469495885269780938e-09
2.754555326395460497e+02 4.000000000000000000e+00 3.000000000000000000e+00 2.385383624140714238e-09
2.754555326395460497e+02 4.000000000000000000e+00 4.000000000000000000e+00 3.937729095532868933e-09
3.630350025710228010e+02 0.000000000000000000e+00 0.000000000000000000e+00 9.275164759064003528e-11
3.630350025710228010e+02 0.000000000000000000e+00 1.000000000000000000e+00 1.574663721271112158e-10
3.630350025710228010e+02 0.000000000000000000e+00 2.000000000000000000e+00 1.846610991515502996e-10
3.630350025710228010e+02 0.000000000000000000e+00 3.000000000000000000e+00 2.017813898872322131e-10
3.630350025710228010e+02 0.000000000000000000e+00 4.000000000000000000e+00 2.171178056087259497e-10
3.630350025710228010e+02 1.000000000000000000e+00 0.000000000000000000e+00 1.574663721271112158e-10
3.630350025710228010e+02 1.000000000000000000e+00 1.000000000000000000e+00 3.353225314914425607e-10
3.630350025710228010e+02 1.000000000000000000e+00 2.000000000000000000e+00 4.455358372063213219e-10
3.630350025710228010e+02 1.000000000000000000e+00 3.000000000000000000e+00 5.205549518604507441e-10
3.630350025710228010e+02 1.000000000000000000e+00 4.000000000000000000e+00 5.880263907058339737e-10
3.630350025710228010e+02 2.000000000000000000e+00 0.000000000000000000e+00 1.846610991515502996e-10
3.630350025710228010e+02 2.000000000000000000e+00 1.000000000000000000e+00 4.455358372063213219e-10
3.630350025710228010e+02 2.000000000000000000e+00 2.000000000000000000e+00 6.712491848485115095e-10
3.630350025710228010e+02 2.000000000000000000e+00 3.000000000000000000e+00 8.603513648978483771e-10
3.630350025710228010e+02 2.000000000000000000e+00 4.000000000000000000e+00 1.038009162672479729e-09
3.630350025710228010e+02 3.000000000000000000e+00 0.000000000000000000e+00 2.017813898872322131e-10
3.630350025710228010e+02 3.000000000000000000e+00 1.000000000000000000e+00 5.205549518604507441e-10
3.630350025710228010e+02 3.000000000000000000e+00 2.000000000000000000e+00 8.603513648978483771e-10
3.630350025710228010e+02 3.000000000000000000e+00 3.000000000000000000e+00 1.234798890959532130e-09
3.630350025710228010e+02 3.000000000000000000e+00 4.000000000000000000e+00 1.656939401937671705e-09
3.630350025710228010e+02 4.000000000000000000e+00 0.000000000000000000e+00 2.171178056087259497e-10
3.630350025710228010e+02 4.000000000000000000e+00 1.000000000000000000e+00 5.880263907058339737e-10
3.630350025710228010e+02 4.000000000000000000e+00 2.000000000000000000e+00 1.038009162672479729e-09
3.630350025710228010e+02 4.000000000000000000e+00 3.000000000000000000e+00 1.656939401937671705e-09
3.630350025710228010e+02 4.000000000000000000e+00 4.000000000000000000e+00 2.697529191721861438e-09
4.784598509560719322e+02 0.000000000000000000e+00 0.000000000000000000e+00 6.501910221377889429e-11
4.784598509560719322e+02 0.000000000000000000e+00 1.000000000000000000e+00 1.122742146425144342e-10
4.784598509560719322e+02 0.000000000000000000e+00 2.000000000000000000e+00 1.321818865776972199e-10
4.784598509560719322e+02 0.000000000000000000e+00 3.000000000000000000e+00 1.447102837448641464e-10
4.784598509560719322e+02 0.000000000000000000e+00 4.000000000000000000e+00 1.559332069660875801e-10
4.784598509560719322e+02 1.000000000000000000e+00 0.000000000000000000e+00 1.122742146425144342e-10
4.784598509560719322e+02 1.000000000000000000e+00 1.000000000000000000e+00 2.424520671149812180e-10
4.784598509560719322e+02 1.000000000000000000e+00 2.000000000000000000e+00 3.223106469032814044e-10
4.784598509560719322e+02 1.000000000000000000e+00 3.000000000000000000e+00 3.764528130063519892e-10
4.784598509560719322e+02 1.000000000000000000e+00 4.000000000000000000e+00 4.251350321002330095e-10
4.784598509560719322e+02 2.000000000000000000e+00 0.000000000000000000e+00 1.321818865776972199e-10
4.784598509560719322e+02 2.000000000000000000e+00 1.000000000000000000e+00 3.223106469032814044e-10
4.784598509560719322e+02 2.000000000000000000e+00 2.000000000000000000e+00 4.833103894442358950e-10
4.784598509560719322e+02 2.000000000000000000e+00 3.000000000000000000e+00 6.165402389346334093e-10
4.784598509560719322e+02 2.000000000000000000e+00 4.000000000000000000e+00 7.413819465825977831e-10
4.784598509560719322e+02 3.000000000000000000e+00 0.000000000000000000e+00 1.447102837448641464e-10
4.784598509560719322e+02 3.000000000000000000e+00 1.000000000000000000e+00 3.764528130063519892e-10
4.784598509560719322e+02 3.000000000000000000e+00 2.000000000000000000e+00 6.165402389346334093e-10
4.784598509560719322e+02 3.000000000000000000e+00 3.000000000000000000e+00 8.753328585835607731e-10
4.784598509560719322e+02 3.000000000000000000e+00 4.000000000000000000e+00 1.164419095948418819e-09
4.784598509560719322e+02 4.000000000000000000e+00 0.000000000000000000e+00 1.559332069660875801e-10
4.784598509560719322e+02 4.000000000000000000e+00 1.000000000000000000e+00 4.251350321002330095e-10
4.784598509560719322e+02 4.000000000000000000e+00 2.000000000000000000e+00 7.413819465825977831e-10
4.784598509560719322e+02 4.000000000000000000e+00 3.000000000000000000e+00 1.164419095948418819e-09
4.784598509560719322e+02 4.000000000000000000e+00 4.000000000000000000e+00 1.862660373804859231e-09
6.305833524471806868e+02 0.000000000000000000e+00 0.000000000000000000e+00 4.427830310090785075e-11
6.305833524471806868e+02 0.000000000000000000e+00 1.000000000000000000e+00 7.818981581971921733e-11
6.305833524471806868e+02 0.000000000000000000e+00 2.000000000000000000e+00 9.262240406412997267e-11
6.305833524471806868e+02 0.000000000000000000e+00 3.000000000000000000e+00 1.017052040955311414e-10
6.305833524471806868e+02 0.000000000000000000e+00 4.000000000000000000e+00 1.098415451684955911e-10
6.305833524471806868e+02 1.000000000000000000e+00 0.000000000000000000e+00 7.818981581971921733e-11
6.305833524471806868e+02 1.000000000000000000e+00 1.000000000000000000e+00 1.731061303375620287e-10
6.305833524471806868e+02 1.000000000000000000e+00 2.000000000000000000e+00 2.314465689468173689e-10
6.305833524471806868e+02 1.000000000000000000e+00 3.000000000000000000e+00 2.708981692403494625e-10
6.305833524471806868e+02 1.000000000000000000e+00 4.000000000000000000e+00 3.063636461743434235e-10
6.305833524471806868e+02 2.000000000000000000e+00 0.000000000000000000e+00 9.262240406412997267e-11
6.305833524471806868e+02 2.000000000000000000e+00 1.000000000000000000e+00 2.314465689468173689e-10
6.305833524471806868e+02 2.000000000000000000e+00 2.000000000000000000e+00 3.480290235057918872e-10
6.305833524471806868e+02 2.000000000000000000e+00 3.000000000000000000e+00 4.434652498187875326e-10
6.305833524471806868e+02 2.000000000000000000e+00 4.000000000000000000e+00 5.326664212624276015e-10
6.305833524471806868e+02 3.000000000000000000e+00 0.000000000000000000e+00 1.017052040955311414e-10
6.305833524471806868e+02 3.000000000000000000e+00 1.000000000000000000e+00 2.708981692403494625e-10
6.305833524471806868e+02 3.000000000000000000e+00 2.000000000000000000e+00 4.434652498187875326e-10
6.305833524471806868e+02 3.000000000000000000e+00 3.000000000000000000e+00 6.255135581041996242e-10
6.305833524471806868e+02 3.000000000000000000e+00 4.000000000000000000e+00 8.266771154374727204e-10
6.305833524471806868e+02 4.000000000000000000e+00 0.000000000000000000e+00 1.098415451684955911e-10
6.305833524471806868e+02 4.000000000000000000e+00 1.000000000000000000e+00 3.063636461743434235e-10
6.305833524471806868e+02 4.000000000000000000e+00 2.000000000000000000e+00 5.326664212624276015e-10
6.305833524471806868e+02 4.000000000000000000e+00 3.000000000000000000e+00 8.266771154374727204e-10
6.305833524471806868e+02 4.000000000000000000e+00 4.000000000000000000e+00 1.299351019451175652e-09
8.310736284119960828e+02 0.000000000000000000e+00 0.000000000000000000e+00 2.916965575061638961e-11
8.310736284119960828e+02 0.000000000000000000e+00 1.000000000000000000e+00 5.280978656948704168e-11
8.310736284119960828e+02 0.000000000000000000e+00 2.000000000000000000e+00 6.303823223664698671e-11
8.310736284119960828e+02 0.000000000000000000e+00 3.000000000000000000e+00 6.947786448894403999e-11
8.310736284119960828e+02 0.000000000000000000e+00 4.000000000000000000e+00 7.524647191802506128e-11
8.310736284119960828e+02 1.000000000000000000e+00 0.000000000000000000e+00 5.280978656948704168e-11
8.310736284119960828e+02 1.000000000000000000e+00 1.000000000000000000e+00 1.208124350168733577e-10
8.310736284119960828e+02 1.000000000000000000e+00 2.000000000000000000e+00 1.632406873527146073e-10
8.310736284119960828e+02 1.000000000000000000e+00 3.000000000000000000e+00 1.919251905209322472e-10
8.310736284119960828e+02 1.000000000000000000e+00 4.000000000000000000e+00 2.177086945515885369e-10
8.310736284119960828e+02 2.000000000000000000e+00 0.000000000000000000e+00 6.303823223664698671e-11
8.310736284119960828e+02 2.000000000000000000e+00 1.000000000000000000e+00 1.632406873527146073e-10
8.310736284119960828e+02 2.000000000000000000e+00 2.000000000000000000e+00 2.481681923380958818e-10
8.310736284119960828e+02 2.000000000000000000e+00 3.000000000000000000e+00 3.172803675040427394e-10
8.310736284119960828e+02 2.000000000000000000e+00 4.000000000000000000e+00 3.817497053051495430e-10
8.310736284119960828e+02 3.000000000000000000e+00 0.000000000000000000e+00 6.947786448894403999e-11
8.310736284119960828e+02 3.000000000000000000e+00 1.000000000000000000e+00 1.919251905209322472e-10
8.310736284119960828e+02 3.000000000000000000e+00 2.000000000000000000e+00 3.172803675040427394e-10
8.310736284119960828e+02 3.000000000000000000e+00 3.000000000000000000e+00 4.474385606549335404e-10
8.310736284119960828e+02 3.000000000000000000e+00 4.000000000000000000e+00 5.897430559491356080e-10
8.310736284119960828e+02 4.000000000000000000e+00 0.000000000000000000e+00 7.524647191802506128e-11
8.310736284119960828e+02 4.000000000000000000e+00 1.000000000000000000e+00 2.177086945515885369e-10
8.310736284119960828e+02 4.000000000000000000e+00 2.000000000000000000e+00 3.817497053051495430e-10
8.310736284119960828e+02 4.000000000000000000e+00 3.000000000000000000e+00 5.897430559491356080e-10
8.310736284119960828e+02 4.000000000000000000e+00 4.000000000000000000e+00 9.144633921848434937e-10
1.095308610925839503e+03 0.000000000000000000e+00 0.000000000000000000e+00 1.858326758500405688e-11
1.095308610925839503e+03 0.000000000000000000e+00 1.000000000000000000e+00 3.446577350909598626e-11
1.095308610925839503e+03 0.000000000000000000e+00 2.000000000000000000e+00 4.147845777270323698e-11
1.095308610925839503e+03 0.000000000000000000e+00 3.000000000000000000e+00 4.589703202922223310e-11
1.095308610925839503e+03 0.000000000000000000e+00 4.000000000000000000e+00 4.985520134653688581e-11
1.095308610925839503e+03 1.000000000000000000e+00 0.000000000000000000e+00 3.446577350909598626e-11
1.095308610925839503e+03 1.000000000000000000e+00 1.000000000000000000e+00 8.176249988513656864e-11
1.095308610925839503e+03 1.000000000000000000e+00 2.000000000000000000e+00 1.120474999587212783e-10
1.095308610925839503e+03 1.000000000000000000e+00 3.000000000000000000e+00 1.325713045095220776e-10
1.095308610925839503e+03 1.000000000000000000e+00 4.000000000000000000e+00 1.510201125265649274e-10
1.095308610925839503e+03 2.000000000000000000e+00 0.000000000000000000e+00 4.147845777270323698e-11
1.095308610925839503e+03 2.000000000000000000e+00 1.000000000000000000e+00 1.120474999587212783e-10
1.095308610925839503e+03 2.000000000000000000e+00 2.000000000000000000e+00 1.734454253820880066e-10
1.095308610925839503e+03 2.000000000000000000e+00 3.000000000000000000e+00 2.234610773275836249e-10
1.095308610925839503e+03 2.000000000000000000e+00 4.000000000000000000e+00 2.700783263768467779e-10
1.095308610925839503e+03 3.000000000000000000e+00 0.000000000000000000e+00 4.589703202922223310e-11
1.095308610925839503e+03 3.000000000000000000e+00 1.000000000000000000e+00 1.325713045095220776e-10
1.095308610925839503e+03 3.000000000000000000e+00 2.000000000000000000e+00 2.234610773275836249e-10
1.095308610925839503e+03 3.000000000000000000e+00 3.000000000000000000e+00 3.173568836668792335e-10
1.095308610925839503e+03 3.000000000000000000e+00 4.000000000000000000e+00 4.192521431099178045e-10
1.095308610925839503e+03 4.000000000000000000e+00 0.000000000000000000e+00 4.985520134653688581e-11
1.095308610925839503e+03 4.000000000000000000e+00 1.000000000000000000e+00 1.510201125265649274e-10
1.095308610925839503e+03 4.000000000000000000e+00 2.000000000000000000e+00 2.700783263768467779e-10
1.095308610925839503e+03 4.000000000000000000e+00 3.000000000000000000e+00 4.192521431099178045e-10
1.095308610925839503e+03 4.000000000000000000e+00 4.000000000000000000e+00 6.460234759378227194e-10
1.443555555313027071e+03 0.000000000000000000e+00 0.000000000000000000e+00 1.149205033277988961e-11
1.443555555313027071e+03 0.000000000000000000e+00 1.000000000000000000e+00 2.174768541560768078e-11
1.443555555313027071e+03 0.000000000000000000e+00 2.000000000000000000e+00 2.637092559365013478e-11
1.443555555313027071e+03 0.000000000000000000e+00 3.000000000000000000e+00 2.928719361386477995e-11
1.443555555313027071e+03 0.000000000000000000e+00 4.000000000000000000e+00 3.189961804343699900e-11
1.443555555313027071e+03 1.000000000000000000e+00 0.000000000000000000e+00 2.174768541560768078e-11
1.443555555313027071e+03 1.000000000000000000e+00 1.000000000000000000e+00 5.341639417015522086e-11
1.443555555313027071e+03 1.000000000000000000e+00 2.000000000000000000e+00 7.437049332562937176e-11
1.443555555313027071e+03 1.000000000000000000e+00 3.000000000000000000e+00 8.864087555679921794e-11
1.443555555313027071e+03 1.000000000000000000e+00 4.000000000000000000e+00 1.014709506813255276e-10
1.443555555313027071e+03 2.000000000000000000e+00 0.000000000000000000e+00 2.637092559365013478e-11
1.443555555313027071e+03 2.000000000000000000e+00 1.000000000000000000e+00 7.437049332562937176e-11
1.443555555313027071e+03 2.000000000000000000e+00 2.000000000000000000e+00 1.178083109050532033e-10
1.443555555313027071e+03 2.000000000000000000e+00 3.000000000000000000e+00 1.534935903765631907e-10
1.443555555313027071e+03 2.000000000000000000e+00 4.000000000000000000e+00 1.867727896333954006e-10
1.443555555313027071e+03 3.000000000000000000e+00 0.000000000000000000e+00 2.928719361386477995e-11
1.443555555313027071e+03 3.000000000000000000e+00 1.000000000000000000e+00 8.864087555679921794e-11
1.443555555313027071e+03 3.000000000000000000e+00 2.000000000000000000e+00 1.534935903765631907e-10
1.443555555313027071e+03 3.000000000000000000e+00 3.000000000000000000e+00 2.210089600808318457e-10
1.443555555313027071e+03 3.000000000000000000e+00 4.000000000000000000e+00 2.941047830528268810e-10
1.443555555313027071e+03 4.000000000000000000e+00 0.000000000000000000e+00 3.189961804343699900e-11
1.443555555313027071e+03 4.000000000000000000e+00 1.000000000000000000e+00 1.014709506813255276e-10
1.443555555313027071e+03 4.000000000000000000e+00 2.000000000000000000e+00 1.867727896333954006e-10
1.443555555313027071e+03 4.000000000000000000e+00 3.000000000000000000e+00 2.941047830528268810e-10
1.443555555313027071e+03 4.000000000000000000e+00 4.000000000000000000e+00 4.545107688332983823e-10
1.902525571778048743e+03 0.000000000000000000e+00 0.000000000000000000e+00 6.943230677783826750e-12
1.902525571778048743e+03 0.000000000000000000e+00 1.000000000000000000e+00 1.332770347620267602e-11
1.902525571778048743e+03 0.000000000000000000e+00 2.000000000000000000e+00 1.625775518902381132e-11
1.902525571778048743e+03 0.000000000000000000e+00 3.000000000000000000e+00 1.810831023635154711e-11
1.902525571778048743e+03 0.000000000000000000e+00 4.000000000000000000e+00 1.976607877088328590e-11
1.902525571778048743e+03 1.000000000000000000e+00 0.000000000000000000e+00 1.332770347620267602e-11
1.902525571778048743e+03 1.000000000000000000e+00 1.000000000000000000e+00 3.368447873017842846e-11
1.902525571778048743e+03 1.000000000000000000e+00 2.000000000000000000e+00 4.761976747705756181e-11
1.902525571778048743e+03 1.000000000000000000e+00 3.000000000000000000e+00 5.717499768981696814e-11
1.902525571778048743e+03 1.000000000000000000e+00 4.000000000000000000e+00 6.576875345490167724e-11
1.902525571778048743e+03 2.000000000000000000e+00 0.000000000000000000e+00 1.625775518902381132e-11
1.902525571778048743e+03 2.000000000000000000e+00 1.000000000000000000e+00 4.761976747705756181e-11
1.902525571778048743e+03 2.000000000000000000e+00 2.000000000000000000e+00 7.733483151399218014e-11
1.902525571778048743e+03 2.000000000000000000e+00 3.000000000000000000e+00 1.021177814514429285e-10
1.902525571778048743e+03 2.000000000000000000e+00 4.000000000000000000e+00 1.252768684370169732e-10
1.902525571778048743e+03 3.000000000000000000e+00 0.000000000000000000e+00 1.810831023635154711e-11
1.902525571778048743e+03 3.000000000000000000e+00 1.000000000000000000e+00 5.717499768981696814e-11
1.902525571778048743e+03 3.000000000000000000e+00 2.000000000000000000e+00 1.021177814514429285e-10
1.902525571778048743e+03 3.000000000000000000e+00 3.000000000000000000e+00 1.498673046748716037e-10
1.902525571778048743e+03 3.000000000000000000e+00 4.000000000000000000e+00 2.017505646180100460e-10
1.902525571778048743e+03 4.000000000000000000e+00 0.000000000000000000e+00 1.976607877088328590e-11
1.902525571778048743e+03 4.000000000000000000e+00 1.000000000000000000e+00 6.576875345490167724e-11
1.902525571778048743e+03 4.000000000000000000e+00 2.000000000000000000e+00 1.252768684370169732e-10
1.902525571778048743e+03 4.000000000000000000e+00 3.000000000000000000e+00 2.017505646180100460e-10
1.902525571778048743e+03 4.000000000000000000e+00 4.000000000000000000e+00 3.155997659226237241e-10
2.507422411245197964e+03 0.000000000000000000e+00 0.000000000000000000e+00 4.139872966989311438e-12
2.507422411245197964e+03 0.000000000000000000e+00 1.000000000000000000e+00 8.003033590353592299e-12
2.507422411245197964e+03 0.000000000000000000e+00 2.000000000000000000e+00 9.798167111737833028e-12
2.507422411245197964e+03 0.000000000000000000e+00 3.000000000000000000e+00 1.093324434349237469e-11
2.507422411245197964e+03 0.000000000000000000e+00 4.000000000000000000e+00 1.195008651683408636e-11
2.507422411245197964e+03 1.000000000000000000e+00 0.000000000000000000e+00 8.003033590353592299e-12
2.507422411245197964e+03 1.000000000000000000e+00 1.000000000000000000e+00 2.060852108149586281e-11
2.507422411245197964e+03 1.000000000000000000e+00 2.000000000000000000e+00 2.949420489947989775e-11
2.507422411245197964e+03 1.000000000000000000e+00 3.000000000000000000e+00 3.563310268229089839e-11
2.507422411245197964e+03 1.000000000000000000e+00 4.000000000000000000e+00 4.115679410044913717e-11
2.507422411245197964e+03 2.000000000000000000e+00 0.000000000000000000e+00 9.798167111737833028e-12
2.507422411245197964e+03 2.000000000000000000e+00 1.000000000000000000e+00 2.949420489947989775e-11
2.507422411245197964e+03 2.000000000000000000e+00 2.000000000000000000e+00 4.900311873109209654e-11
2.507422411245197964e+03 2.000000000000000000e+00 3.000000000000000000e+00 6.559324633855906920e-11
2.507422411245197964e+03 2.000000000000000000e+00 4.000000000000000000e+00 8.114841671548279773e-11
2.507422411245197964e+03 3.000000000000000000e+00 0.000000000000000000e+00 1.093324434349237469e-11
2.507422411245197964e+03 3.000000000000000000e+00 1.000000000000000000e+00 3.563310268229089839e-11
2.507422411245197964e+03 3.000000000000000000e+00 2.000000000000000000e+00 6.559324633855906920e-11
2.507422411245197964e+03 3.000000000000000000e+00 3.000000000000000000e+00 9.840124636906730929e-11
2.507422411245197964e+03 3.000000000000000000e+00 4.000000000000000000e+00 1.343954871284301896e-10
2.507422411245197964e+03 4.000000000000000000e+00 0.000000000000000000e+00 1.195008651683408636e-11
2.507422411245197964e+03 4.000000000000000000e+00 1.000000000000000000e+00 4.115679410044913717e-11
2.507422411245197964e+03 4.000000000000000000e+00 2.000000000000000000e+00 8.114841671548279773e-11
2.507422411245197964e+03 4.000000000000000000e+00 3.000000000000000000e+00 1.343954871284301896e-10
2.507422411245197964e+03 4.000000000000000000e+00 4.000000000000000000e+00 2.145550205368115517e-10
3.304642650631425568e+03 0.000000000000000000e+00 0.000000000000000000e+00 2.432355492684289631e-12
3.304642650631425568e+03 0.000000000000000000e+00 1.000000000000000000e+00 4.727961519122666524e-12
3.304642650631425568e+03 0.000000000000000000e+00 2.000000000000000000e+00 5.801452973040774034e-12
3.304642650631425568e+03 0.000000000000000000e+00 3.000000000000000000e+00 6.480791650100708066e-12
3.304642650631425568e+03 0.000000000000000000e+00 4.000000000000000000e+00 7.089374991412347570e-12
3.304642650631425568e+03 1.000000000000000000e+00 0.000000000000000000e+00 4.727961519122666524e-12
3.304642650631425568e+03 1.000000000000000000e+00 1.000000000000000000e+00 1.231266249062468606e-11
3.304642650631425568e+03 1.000000000000000000e+00 2.000000000000000000e+00 1.776783494646276190e-11
3.304642650631425568e+03 1.000000000000000000e+00 3.000000000000000000e+00 2.156201383995578041e-11
3.304642650631425568e+03 1.000000000000000000e+00 4.000000000000000000e+00 2.497762234796988844e-11
3.304642650631425568e+03 2.000000000000000000e+00 0.000000000000000000e+00 5.801452973040774034e-12
3.304642650631425568e+03 2.000000000000000000e+00 1.000000000000000000e+00 1.776783494646276190e-11
3.304642650631425568e+03 2.000000000000000000e+00 2.000000000000000000e+00 3.004378354051905158e-11
3.304642650631425568e+03 2.000000000000000000e+00 3.000000000000000000e+00 4.069486721603202270e-11
3.304642650631425568e+03 2.000000000000000000e+00 4.000000000000000000e+00 5.072367407143106707e-11
3.304642650631425568e+03 3.000000000000000000e+00 0.000000000000000000e+00 6.480791650100708066e-12
3.304642650631425568e+03 3.000000000000000000e+00 1.000000000000000000e+00 2.156201383995578041e-11
3.304642650631425568e+03 3.000000000000000000e+00 2.000000000000000000e+00 4.069486721603202270e-11
3.304642650631425568e+03 3.000000000000000000e+00 3.000000000000000000e+00 6.239092779688822705e-11
3.304642650631425568e+03 3.000000000000000000e+00 4.000000000000000000e+00 8.654671516917181046e-11
3.304642650631425568e+03 4.000000000000000000e+00 0.000000000000000000e+00 7.089374991412347570e-12
3.304642650631425568e+03 4.000000000000000000e+00 1.000000000000000000e+00 2.497762234796988844e-11
3.304642650631425568e+03 4.000000000000000000e+00 2.000000000000000000e+00 5.072367407143106707e-11
3.304642650631425568e+03 4.000000000000000000e+00 3.000000000000000000e+00 8.654671516917181046e-11
3.304642650631425568e+03 4.000000000000000000e+00 4.000000000000000000e+00 1.418770449188443786e-10
4.355334386179088142e+03 0.000000000000000000e+00 0.000000000000000000e+00 1.427926509703698129e-12
4.355334386179088142e+03 0.000000000000000000e+00 1.000000000000000000e+00 2.781591434081411250e-12
4.355334386179088142e+03 0.000000000000000000e+00 2.000000000000000000e+00 3.415377472090158834e-12
4.355334386179088142e+03 0.000000000000000000e+00 3.000000000000000000e+00 3.816608030341811532e-12
4.355334386179088142e+03 0.000000000000000000e+00 4.000000000000000000e+00 4.176052088997771811e-12
4.355334386179088142e+03 1.000000000000000000e+00 0.000000000000000000e+00 2.781591434081411250e-12
4.355334386179088142e+03 1.000000000000000000e+00 1.000000000000000000e+00 7.267970772400132785e-12
4.355334386179088142e+03 1.000000000000000000e+00 2.000000000000000000e+00 1.052426143789330121e-11
4.355334386179088142e+03 1.000000000000000000e+00 3.000000000000000000e+00 1.279918334869176126e-11
4.355334386179088142e+03 1.000000000000000000e+00 4.000000000000000000e+00 1.484794956333106863e-11
4.355334386179088142e+03 2.000000000000000000e+00 0.000000000000000000e+00 3.415377472090158834e-12
4.355334386179088142e+03 2.000000000000000000e+00 1.000000000000000000e+00 1.052426143789330121e-11
4.355334386179088142e+03 2.000000000000000000e+00 2.000000000000000000e+00 1.796807906666318324e-11
4.355334386179088142e+03 2.000000000000000000e+00 3.000000000000000000e+00 2.453324983216162574e-11
4.355334386179088142e+03 2.000000000000000000e+00 4.000000000000000000e+00 3.074103934955587759e-11
4.355334386179088142e+03 3.000000000000000000e+00 0.000000000000000000e+00 3.816608030341811532e-12
4.355334386179088142e+03 3.000000000000000000e+00 1.000000000000000000e+00 1.279918334869176126e-11
4.355334386179088142e+03 3.000000000000000000e+00 2.000000000000000000e+00 2.453324983216162574e-11
4.355334386179088142e+03 3.000000000000000000e+00 3.000000000000000000e+00 3.827783344203175366e-11
4.355334386179088142e+03 3.000000000000000000e+00 4.000000000000000000e+00 5.385027753303561175e-11
4.355334386179088142e+03 4.000000000000000000e+00 0.000000000000000000e+00 4.176052088997771811e-12
4.355334386179088142e+03 4.000000000000000000e+00 1.000000000000000000e+00 1.484794956333106863e-11
4.355334386179088142e+03 4.000000000000000000e+00 2.000000000000000000e+00 3.074103934955587759e-11
4.355334386179088142e+03 4.000000000000000000e+00 3.000000000000000000e+00 5.385027753303561175e-11
4.355334386179088142e+03 4.000000000000000000e+00 4.000000000000000000e+00 9.089541279540020929e-11
