2.296034956979031350e+01 0.000000000000000000e+00 0.000000000000000000e+00 4.718998274482676488e-05
2.296034956979031350e+01 0.000000000000000000e+00 1.000000000000000000e+00 6.052723160919933506e-06
2.296034956979031350e+01 0.000000000000000000e+00 2.000000000000000000e+00 3.562986985678184734e-09
2.296034956979031350e+01 0.000000000000000000e+00 3.000000000000000000e+00 6.309592103731884457e-15
2.296034956979031350e+01 0.000000000000000000e+00 4.000000000000000000e+00 2.373482954028151360e-22
2.296034956979031350e+01 1.000000000000000000e+00 0.000000000000000000e+00 6.052723160919933506e-06
2.296034956979031350e+01 1.000000000000000000e+00 1.000000000000000000e+00 2.514814891739445491e-05
2.296034956979031350e+01 1.000000000000000000e+00 2.000000000000000000e+00 3.736415764822703549e-06
2.296034956979031350e+01 1.000000000000000000e+00 3.000000000000000000e+00 7.606655085162949823e-09
2.296034956979031350e+01 1.000000000000000000e+00 4.000000000000000000e+00 1.541972841408030368e-13
2.296034956979031350e+01 2.000000000000000000e+00 0.000000000000000000e+00 3.562986985678184734e-09
2.296034956979031350e+01 2.000000000000000000e+00 1.000000000000000000e+00 3.736415764822703549e-06
2.296034956979031350e+01 2.000000000000000000e+00 2.000000000000000000e+00 1.542715362853406804e-05
2.296034956979031350e+01 2.000000000000000000e+00 3.000000000000000000e+00 2.795579790621836667e-06
2.296034956979031350e+01 2.000000000000000000e+00 4.000000000000000000e+00 1.459895978920804354e-08
2.296034956979031350e+01 3.000000000000000000e+00 0.000000000000000000e+00 6.309592103731884457e-15
2.296034956979031350e+01 3.000000000000000000e+00 1.000000000000000000e+00 7.606655085162949823e-09
2.296034956979031350e+01 3.000000000000000000e+00 2.000000000000000000e+00 2.795579790621836667e-06
2.296034956979031350e+01 3.000000000000000000e+00 3.000000000000000000e+00 1.084314322861567024e-05
2.296034956979031350e+01 3.000000000000000000e+00 4.000000000000000000e+00 2.364069759733854567e-06
2.296034956979031350e+01 4.000000000000000000e+00 0.000000000000000000e+00 2.373482954028151360e-22
2.296034956979031350e+01 4.000000000000000000e+00 1.000000000000000000e+00 1.541972841408030368e-13
2.296034956979031350e+01 4.000000000000000000e+00 2.000000000000000000e+00 1.459895978920804354e-08
2.296034956979031350e+01 4.000000000000000000e+00 3.000000000000000000e+00 2.364069759733854567e-06
2.296034956979031350e+01 4.000000000000000000e+00 4.000000000000000000e+00 8.431649155106204794e-06
3.026045795931756999e+01 0.000000000000000000e+00 0.000000000000000000e+00 3.789806967860325523e-05
3.026045795931756999e+01 0.000000000000000000e+00 1.000000000000000000e+00 5.258197574683473210e-06
3.026045795931756999e+01 0.000000000000000000e+00 2.000000000000000000e+00 3.344231790340886147e-09
3.026045795931756999e+01 0.000000000000000000e+00 3.000000000000000000e+00 6.267439722034955834e-15
3.026045795931756999e+01 0.000000000000000000e+00 4.000000000000000000e+00 2.454156969182468573e-22
3.026045795931756999e+01 1.000000000000000000e+00 0.000000000000000000e+00 5.258197574683473210e-06
3.026045795931756999e+01 1.000000000000000000e+00 1.000000000000000000e+00 2.333870145382154057e-05
3.026045795931756999e+01 1.000000000000000000e+00 2.000000000000000000e+00 3.667952645398082541e-06
3.026045795931756999e+01 1.000000000000000000e+00 3.000000000000000000e+00 7.763698141461887844e-09
3.026045795931756999e+01 1.000000000000000000e+00 4.000000000000000000e+00 1.620314834797402782e-13
3.026045795931756999e+01 2.000000000000000000e+00 0.000000000000000000e+00 3.344231790340886147e-09
3.026045795931756999e+01 2.000000000000000000e+00 1.000000000000000000e+00 3.667952645398082541e-06
3.026045795931756999e+01 2.000000000000000000e+00 2.000000000000000000e+00 1.564905701388063182e-05
3.026045795931756999e+01 2.000000000000000000e+00 3.000000000000000000e+00 2.919742496630319322e-06
3.026045795931756999e+01 2.000000000000000000e+00 4.000000000000000000e+00 1.558467683267428251e-08
3.026045795931756999e+01 3.000000000000000000e+00 0.000000000000000000e+00 6.267439722034955834e-15
3.026045795931756999e+01 3.000000000000000000e+00 1.000000000000000000e+00 7.763698141461887844e-09
3.026045795931756999e+01 3.000000000000000000e+00 2.000000000000000000e+00 2.919742496630319322e-06
3.026045795931756999e+01 3.000000000000000000e+00 3.000000000000000000e+00 1.153464367223678773e-05
3.026045795931756999e+01 3.000000000000000000e+00 4.000000000000000000e+00 2.559493345755305330e-06
3.026045795931756999e+01 4.000000000000000000e+00 0.000000000000000000e+00 2.454156969182468573e-22
3.026045795931756999e+01 4.000000000000000000e+00 1.000000000000000000e+00 1.620314834797402782e-13
3.026045795931756999e+01 4.000000000000000000e+00 2.000000000000000000e+00 1.558467683267428251e-08
3.026045795931756999e+01 4.000000000000000000e+00 3.000000000000000000e+00 2.559493345755305330e-06
3.026045795931756999e+01 4.000000000000000000e+00 4.000000000000000000e+00 9.240147278824553995e-06
3.988159296635606665e+01 0.000000000000000000e+00 0.000000000000000000e+00 2.959609223500340015e-05
3.988159296635606665e+01 0.000000000000000000e+00 1.000000000000000000e+00 4.163803804890814899e-06
3.988159296635606665e+01 0.000000000000000000e+00 2.000000000000000000e+00 2.835424925703460071e-09
3.988159296635606665e+01 0.000000000000000000e+00 3.000000000000000000e+00 5.685318712117045590e-15
3.988159296635606665e+01 0.000000000000000000e+00 4.000000000000000000e+00 2.347716539271064366e-22
3.988159296635606665e+01 1.000000000000000000e+00 0.000000000000000000e+00 4.163803804890814899e-06
3.988159296635606665e+01 1.000000000000000000e+00 1.000000000000000000e+00 1.960282570712827121e-05
3.988159296635606665e+01 1.000000000000000000e+00 2.000000000000000000e+00 3.279349287233456098e-06
3.988159296635606665e+01 1.000000000000000000e+00 3.000000000000000000e+00 7.298407695741610016e-09
3.988159296635606665e+01 1.000000000000000000e+00 4.000000000000000000e+00 1.584790672914126348e-13
3.988159296635606665e+01 2.000000000000000000e+00 0.000000000000000000e+00 2.835424925703460071e-09
3.988159296635606665e+01 2.000000000000000000e+00 1.000000000000000000e+00 3.279349287233456098e-06
3.988159296635606665e+01 2.000000000000000000e+00 2.000000000000000000e+00 1.459806033276625537e-05
3.988159296635606665e+01 2.000000000000000000e+00 3.000000000000000000e+00 2.832173922935532030e-06
3.988159296635606665e+01 2.000000000000000000e+00 4.000000000000000000e+00 1.557662595158470616e-08
3.988159296635606665e+01 3.000000000000000000e+00 0.000000000000000000e+00 5.685318712117045590e-15
3.988159296635606665e+01 3.000000000000000000e+00 1.000000000000000000e+00 7.298407695741610016e-09
3.988159296635606665e+01 3.000000000000000000e+00 2.000000000000000000e+00 2.832173922935532030e-06
3.988159296635606665e+01 3.000000000000000000e+00 3.000000000000000000e+00 1.147426761149175590e-05
3.988159296635606665e+01 3.000000000000000000e+00 4.000000000000000000e+00 2.607360943433384939e-06
3.988159296635606665e+01 4.000000000000000000e+00 0.000000000000000000e+00 2.347716539271064366e-22
3.988159296635606665e+01 4.000000000000000000e+00 1.000000000000000000e+00 1.584790672914126348e-13
3.988159296635606665e+01 4.000000000000000000e+00 2.000000000000000000e+00 1.557662595158470616e-08
3.988159296635606665e+01 4.000000000000000000e+00 3.000000000000000000e+00 2.607360943433384939e-06
3.988159296635606665e+01 4.000000000000000000e+00 4.000000000000000000e+00 9.566249032460109121e-06
5.256171138164663148e+01 0.000000000000000000e+00 0.000000000000000000e+00 2.339597225340491664e-05
5.256171138164663148e+01 0.000000000000000000e+00 1.000000000000000000e+00 3.228638884659308754e-06
5.256171138164663148e+01 0.000000000000000000e+00 2.000000000000000000e+00 2.207661563849953473e-09
5.256171138164663148e+01 0.000000000000000000e+00 3.000000000000000000e+00 4.650735398952453810e-15
5.256171138164663148e+01 0.000000000000000000e+00 4.000000000000000000e+00 2.031689726630451796e-22
5.256171138164663148e+01 1.000000000000000000e+00 0.000000000000000000e+00 3.228638884659308754e-06
5.256171138164663148e+01 1.000000000000000000e+00 1.000000000000000000e+00 1.526947051550704490e-05
5.256171138164663148e+01 1.000000000000000000e+00 2.000000000000000000e+00 2.650240432192218218e-06
5.256171138164663148e+01 1.000000000000000000e+00 3.000000000000000000e+00 6.193580085026444442e-09
5.256171138164663148e+01 1.000000000000000000e+00 4.000000000000000000e+00 1.408902583912316001e-13
5.256171138164663148e+01 2.000000000000000000e+00 0.000000000000000000e+00 2.207661563849953473e-09
5.256171138164663148e+01 2.000000000000000000e+00 1.000000000000000000e+00 2.650240432192218218e-06
5.256171138164663148e+01 2.000000000000000000e+00 2.000000000000000000e+00 1.229903789927966217e-05
5.256171138164663148e+01 2.000000000000000000e+00 3.000000000000000000e+00 2.493079177564371766e-06
5.256171138164663148e+01 2.000000000000000000e+00 4.000000000000000000e+00 1.423683394471162875e-08
5.256171138164663148e+01 3.000000000000000000e+00 0.000000000000000000e+00 4.650735398952453810e-15
5.256171138164663148e+01 3.000000000000000000e+00 1.000000000000000000e+00 6.193580085026444442e-09
5.256171138164663148e+01 3.000000000000000000e+00 2.000000000000000000e+00 2.493079177564371766e-06
5.256171138164663148e+01 3.000000000000000000e+00 3.000000000000000000e+00 1.042630286890176678e-05
5.256171138164663148e+01 3.000000000000000000e+00 4.000000000000000000e+00 2.443649351469241187e-06
5.256171138164663148e+01 4.000000000000000000e+00 0.000000000000000000e+00 2.031689726630451796e-22
5.256171138164663148e+01 4.000000000000000000e+00 1.000000000000000000e+00 1.408902583912316001e-13
5.256171138164663148e+01 4.000000000000000000e+00 2.000000000000000000e+00 1.423683394471162875e-08
5.256171138164663148e+01 4.000000000000000000e+00 3.000000000000000000e+00 2.443649351469241187e-06
5.256171138164663148e+01 4.000000000000000000e+00 4.000000000000000000e+00 9.161785178026555663e-06
6.927339902641679714e+01 0.000000000000000000e+00 0.000000000000000000e+00 1.726579289379987045e-05
6.927339902641679714e+01 0.000000000000000000e+00 1.000000000000000000e+00 2.620421925150622949e-06
6.927339902641679714e+01 0.000000000000000000e+00 2.000000000000000000e+00 1.728955785535150013e-09
6.927339902641679714e+01 0.000000000000000000e+00 3.000000000000000000e+00 3.576034162509319889e-15
6.927339902641679714e+01 0.000000000000000000e+00 4.000000000000000000e+00 1.598560625874915756e-22
6.927339902641679714e+01 1.000000000000000000e+00 0.000000000000000000e+00 2.620421925150622949e-06
6.927339902641679714e+01 1.000000000000000000e+00 1.000000000000000000e+00 1.205477370802589221e-05
6.927339902641679714e+01 1.000000000000000000e+00 2.000000000000000000e+00 2.041499422197124556e-06
6.927339902641679714e+01 1.000000000000000000e+00 3.000000000000000000e+00 4.821907764586787115e-09
6.927339902641679714e+01 1.000000000000000000e+00 4.000000000000000000e+00 1.131451443111582383e-13
6.927339902641679714e+01 2.000000000000000000e+00 0.000000000000000000e+00 1.728955785535150013e-09
6.927339902641679714e+01 2.000000000000000000e+00 1.000000000000000000e+00 2.041499422197124556e-06
6.927339902641679714e+01 2.000000000000000000e+00 2.000000000000000000e+00 9.563753038526034487e-06
6.927339902641679714e+01 2.000000000000000000e+00 3.000000000000000000e+00 1.987805155857756819e-06
6.927339902641679714e+01 2.000000000000000000e+00 4.000000000000000000e+00 1.172464330202047423e-08
6.927339902641679714e+01 3.000000000000000000e+00 0.000000000000000000e+00 3.576034162509319889e-15
6.927339902641679714e+01 3.000000000000000000e+00 1.000000000000000000e+00 4.821907764586787115e-09
6.927339902641679714e+01 3.000000000000000000e+00 2.000000000000000000e+00 1.987805155857756819e-06
6.927339902641679714e+01 3.000000000000000000e+00 3.000000000000000000e+00 8.544376095188342950e-06
6.927339902641679714e+01 3.000000000000000000e+00 4.000000000000000000e+00 2.065575183282958179e-06
6.927339902641679714e+01 4.000000000000000000e+00 0.000000000000000000e+00 1.598560625874915756e-22
6.927339902641679714e+01 4.000000000000000000e+00 1.000000000000000000e+00 1.131451443111582383e-13
6.927339902641679714e+01 4.000000000000000000e+00 2.000000000000000000e+00 1.172464330202047423e-08
6.927339902641679714e+01 4.000000000000000000e+00 3.000000000000000000e+00 2.065575183282958179e-06
6.927339902641679714e+01 4.000000000000000000e+00 4.000000000000000000e+00 7.937464757142761239e-06
9.129846967556690629e+01 0.000000000000000000e+00 0.000000000000000000e+00 1.165069459026623618e-05
9.129846967556690629e+01 0.000000000000000000e+00 1.000000000000000000e+00 1.905022800901766615e-06
9.129846967556690629e+01 0.000000000000000000e+00 2.000000000000000000e+00 1.408402591142856076e-09
9.129846967556690629e+01 0.000000000000000000e+00 3.000000000000000000e+00 2.870395536016739033e-15
9.129846967556690629e+01 0.000000000000000000e+00 4.000000000000000000e+00 1.238298575841284506e-22
9.129846967556690629e+01 1.000000000000000000e+00 0.000000000000000000e+00 1.905022800901766615e-06
9.129846967556690629e+01 1.000000000000000000e+00 1.000000000000000000e+00 9.663625035190156752e-06
9.129846967556690629e+01 1.000000000000000000e+00 2.000000000000000000e+00 1.654863053879263974e-06
9.129846967556690629e+01 1.000000000000000000e+00 3.000000000000000000e+00 3.780786156331902715e-09
9.129846967556690629e+01 1.000000000000000000e+00 4.000000000000000000e+00 8.707276183097189374e-14
9.129846967556690629e+01 2.000000000000000000e+00 0.000000000000000000e+00 1.408402591142856076e-09
9.129846967556690629e+01 2.000000000000000000e+00 1.000000000000000000e+00 1.654863053879263974e-06
9.129846967556690629e+01 2.000000000000000000e+00 2.000000000000000000e+00 7.546361714455458193e-06
9.129846967556690629e+01 2.000000000000000000e+00 3.000000000000000000e+00 1.535053772596506379e-06
9.129846967556690629e+01 2.000000000000000000e+00 4.000000000000000000e+00 9.030704886723013489e-09
9.129846967556690629e+01 3.000000000000000000e+00 0.000000000000000000e+00 2.870395536016739033e-15
9.129846967556690629e+01 3.000000000000000000e+00 1.000000000000000000e+00 3.780786156331902715e-09
9.129846967556690629e+01 3.000000000000000000e+00 2.000000000000000000e+00 1.535053772596506379e-06
9.129846967556690629e+01 3.000000000000000000e+00 3.000000000000000000e+00 6.584534625574661822e-06
9.129846967556690629e+01 3.000000000000000000e+00 4.000000000000000000e+00 1.605143390142886783e-06
9.129846967556690629e+01 4.000000000000000000e+00 0.000000000000000000e+00 1.238298575841284506e-22
9.129846967556690629e+01 4.000000000000000000e+00 1.000000000000000000e+00 8.707276183097189374e-14
9.129846967556690629e+01 4.000000000000000000e+00 2.000000000000000000e+00 9.030704886723013489e-09
9.129846967556690629e+01 4.000000000000000000e+00 3.000000000000000000e+00 1.605143390142886783e-06
9.129846967556690629e+01 4.000000000000000000e+00 4.000000000000000000e+00 6.254727240795028663e-06
1.203262822706559376e+02 0.000000000000000000e+00 0.000000000000000000e+00 8.035946113046007751e-06
1.203262822706559376e+02 0.000000000000000000e+00 1.000000000000000000e+00 1.263305941602064766e-06
1.203262822706559376e+02 0.000000000000000000e+00 2.000000000000000000e+00 9.710049210443875438e-10
1.203262822706559376e+02 0.000000000000000000e+00 3.000000000000000000e+00 2.265083338419524580e-15
1.203262822706559376e+02 0.000000000000000000e+00 4.000000000000000000e+00 1.016900189145423252e-22
1.203262822706559376e+02 1.000000000000000000e+00 0.000000000000000000e+00 1.263305941602064766e-06
1.203262822706559376e+02 1.000000000000000000e+00 1.000000000000000000e+00 6.646065480369629848e-06
1.203262822706559376e+02 1.000000000000000000e+00 2.000000000000000000e+00 1.275955656629033788e-06
1.203262822706559376e+02 1.000000000000000000e+00 3.000000000000000000e+00 3.100135985346350253e-09
1.203262822706559376e+02 1.000000000000000000e+00 4.000000000000000000e+00 7.106863151780314289e-14
1.203262822706559376e+02 2.000000000000000000e+00 0.000000000000000000e+00 9.710049210443875438e-10
1.203262822706559376e+02 2.000000000000000000e+00 1.000000000000000000e+00 1.275955656629033788e-06
1.203262822706559376e+02 2.000000000000000000e+00 2.000000000000000000e+00 6.138743282761615892e-06
1.203262822706559376e+02 2.000000000000000000e+00 3.000000000000000000e+00 1.258898636018352298e-06
1.203262822706559376e+02 2.000000000000000000e+00 4.000000000000000000e+00 7.248109315373068853e-09
1.203262822706559376e+02 3.000000000000000000e+00 0.000000000000000000e+00 2.265083338419524580e-15
1.203262822706559376e+02 3.000000000000000000e+00 1.000000000000000000e+00 3.100135985346350253e-09
1.203262822706559376e+02 3.000000000000000000e+00 2.000000000000000000e+00 1.258898636018352298e-06
1.203262822706559376e+02 3.000000000000000000e+00 3.000000000000000000e+00 5.305477032388455211e-06
1.203262822706559376e+02 3.000000000000000000e+00 4.000000000000000000e+00 1.264555774068269173e-06
1.203262822706559376e+02 4.000000000000000000e+00 0.000000000000000000e+00 1.016900189145423252e-22
1.203262822706559376e+02 4.000000000000000000e+00 1.000000000000000000e+00 7.106863151780314289e-14
1.203262822706559376e+02 4.000000000000000000e+00 2.000000000000000000e+00 7.248109315373068853e-09
1.203262822706559376e+02 4.000000000000000000e+00 3.000000000000000000e+00 1.264555774068269173e-06
1.203262822706559376e+02 4.000000000000000000e+00 4.000000000000000000e+00 4.861710482324954116e-06
1.585833175137243529e+02 0.000000000000000000e+00 0.000000000000000000e+00 5.338993731497476281e-06
1.585833175137243529e+02 0.000000000000000000e+00 1.000000000000000000e+00 8.905270248489591781e-07
1.585833175137243529e+02 0.000000000000000000e+00 2.000000000000000000e+00 6.656792853403466067e-10
1.585833175137243529e+02 0.000000000000000000e+00 3.000000000000000000e+00 1.468886746541004561e-15
1.585833175137243529e+02 0.000000000000000000e+00 4.000000000000000000e+00 7.305889283594345141e-23
1.585833175137243529e+02 1.000000000000000000e+00 0.000000000000000000e+00 8.905270248489591781e-07
1.585833175137243529e+02 1.000000000000000000e+00 1.000000000000000000e+00 4.607521232351448664e-06
1.585833175137243529e+02 1.000000000000000000e+00 2.000000000000000000e+00 8.313161729303955934e-07
1.585833175137243529e+02 1.000000000000000000e+00 3.000000000000000000e+00 2.140768520438453975e-09
1.585833175137243529e+02 1.000000000000000000e+00 4.000000000000000000e+00 5.430060909869677061e-14
1.585833175137243529e+02 2.000000000000000000e+00 0.000000000000000000e+00 6.656792853403466067e-10
1.585833175137243529e+02 2.000000000000000000e+00 1.000000000000000000e+00 8.313161729303955934e-07
1.585833175137243529e+02 2.000000000000000000e+00 2.000000000000000000e+00 4.208747070533098717e-06
1.585833175137243529e+02 2.000000000000000000e+00 3.000000000000000000e+00 9.436625147278601048e-07
1.585833175137243529e+02 2.000000000000000000e+00 4.000000000000000000e+00 5.814171284047068319e-09
1.585833175137243529e+02 3.000000000000000000e+00 0.000000000000000000e+00 1.468886746541004561e-15
1.585833175137243529e+02 3.000000000000000000e+00 1.000000000000000000e+00 2.140768520438453975e-09
1.585833175137243529e+02 3.000000000000000000e+00 2.000000000000000000e+00 9.436625147278601048e-07
1.585833175137243529e+02 3.000000000000000000e+00 3.000000000000000000e+00 4.214097339297220266e-06
1.585833175137243529e+02 3.000000000000000000e+00 4.000000000000000000e+00 1.039533450726666137e-06
1.585833175137243529e+02 4.000000000000000000e+00 0.000000000000000000e+00 7.305889283594345141e-23
1.585833175137243529e+02 4.000000000000000000e+00 1.000000000000000000e+00 5.430060909869677061e-14
1.585833175137243529e+02 4.000000000000000000e+00 2.000000000000000000e+00 5.814171284047068319e-09
1.585833175137243529e+02 4.000000000000000000e+00 3.000000000000000000e+00 1.039533450726666137e-06
1.585833175137243529e+02 4.000000000000000000e+00 4.000000000000000000e+00 4.015975353793113394e-06
2.090039525786275476e+02 0.000000000000000000e+00 0.000000000000000000e+00 3.580879840375752308e-06
2.090039525786275476e+02 0.000000000000000000e+00 1.000000000000000000e+00 5.920863986525981355e-07
2.090039525786275476e+02 0.000000000000000000e+00 2.000000000000000000e+00 4.537290280606670557e-10
2.090039525786275476e+02 0.000000000000000000e+00 3.000000000000000000e+00 1.067245698039869900e-15
2.090039525786275476e+02 0.000000000000000000e+00 4.000000000000000000e+00 4.823784117367181075e-23
2.090039525786275476e+02 1.000000000000000000e+00 0.000000000000000000e+00 5.920863986525981355e-07
2.090039525786275476e+02 1.000000000000000000e+00 1.000000000000000000e+00 3.150050406126239683e-06
2.090039525786275476e+02 1.000000000000000000e+00 2.000000000000000000e+00 6.074950010867890918e-07
2.090039525786275476e+02 1.000000000000000000e+00 3.000000000000000000e+00 1.477536820826029949e-09
2.090039525786275476e+02 1.000000000000000000e+00 4.000000000000000000e+00 3.506349543891618039e-14
2.090039525786275476e+02 2.000000000000000000e+00 0.000000000000000000e+00 4.537290280606670557e-10
2.090039525786275476e+02 2.000000000000000000e+00 1.000000000000000000e+00 6.074950010867890918e-07
2.090039525786275476e+02 2.000000000000000000e+00 2.000000000000000000e+00 2.945902555237406486e-06
2.090039525786275476e+02 2.000000000000000000e+00 3.000000000000000000e+00 6.174879799422167197e-07
2.090039525786275476e+02 2.000000000000000000e+00 4.000000000000000000e+00 3.803193829558895470e-09
2.090039525786275476e+02 3.000000000000000000e+00 0.000000000000000000e+00 1.067245698039869900e-15
2.090039525786275476e+02 3.000000000000000000e+00 1.000000000000000000e+00 1.477536820826029949e-09
2.090039525786275476e+02 3.000000000000000000e+00 2.000000000000000000e+00 6.174879799422167197e-07
2.090039525786275476e+02 3.000000000000000000e+00 3.000000000000000000e+00 2.758438739169386421e-06
2.090039525786275476e+02 3.000000000000000000e+00 4.000000000000000000e+00 7.115547621851885122e-07
2.090039525786275476e+02 4.000000000000000000e+00 0.000000000000000000e+00 4.823784117367181075e-23
2.090039525786275476e+02 4.000000000000000000e+00 1.000000000000000000e+00 3.506349543891618039e-14
2.090039525786275476e+02 4.000000000000000000e+00 2.000000000000000000e+00 3.803193829558895470e-09
2.090039525786275476e+02 4.000000000000000000e+00 3.000000000000000000e+00 7.115547621851885122e-07
2.090039525786275476e+02 4.000000000000000000e+00 4.000000000000000000e+00 2.905225398494942697e-06
2.754555326395460497e+02 0.000000000000000000e+00 0.000000000000000000e+00 2.419197374210683419e-06
2.754555326395460497e+02 0.000000000000000000e+00 1.000000000000000000e+00 3.992940274033690213e-07
2.754555326395460497e+02 0.000000000000000000e+00 2.000000000000000000e+00 3.087746173008404512e-10
2.754555326395460497e+02 0.000000000000000000e+00 3.000000000000000000e+00 6.926786525480807690e-16
2.754555326395460497e+02 0.000000000000000000e+00 4.000000000000000000e+00 3.400127378562813086e-23
2.754555326395460497e+02 1.000000000000000000e+00 0.000000000000000000e+00 3.992940274033690213e-07
2.754555326395460497e+02 1.000000000000000000e+00 1.000000000000000000e+00 2.148232070483425107e-06
2.754555326395460497e+02 1.000000000000000000e+00 2.000000000000000000e+00 4.015792521752626707e-07
2.754555326395460497e+02 1.000000000000000000e+00 3.000000000000000000e+00 1.010714611743001050e-09
2.754555326395460497e+02 1.000000000000000000e+00 4.000000000000000000e+00 2.583358936727907150e-14
2.754555326395460497e+02 2.000000000000000000e+00 0.000000000000000000e+00 3.087746173008404512e-10
2.754555326395460497e+02 2.000000000000000000e+00 1.000000000000000000e+00 4.015792521752626707e-07
2.754555326395460497e+02 2.000000000000000000e+00 2.000000000000000000e+00 2.012304614089922918e-06
2.754555326395460497e+02 2.000000000000000000e+00 3.000000000000000000e+00 4.514456669144509836e-07
2.754555326395460497e+02 2.000000000000000000e+00 4.000000000000000000e+00 2.790203775225937048e-09
2.754555326395460497e+02 3.000000000000000000e+00 0.000000000000000000e+00 6.926786525480807690e-16
2.754555326395460497e+02 3.000000000000000000e+00 1.000000000000000000e+00 1.010714611743001050e-09
2.754555326395460497e+02 3.000000000000000000e+00 2.000000000000000000e+00 4.514456669144509836e-07
2.754555326395460497e+02 3.000000000000000000e+00 3.000000000000000000e+00 2.025078351305882046e-06
2.754555326395460497e+02 3.000000000000000000e+00 4.000000000000000000e+00 4.983501481006821145e-07
2.754555326395460497e+02 4.000000000000000000e+00 0.000000000000000000e+00 3.400127378562813086e-23
2.754555326395460497e+02 4.000000000000000000e+00 1.000000000000000000e+00 2.583358936727907150e-14
2.754555326395460497e+02 4.000000000000000000e+00 2.000000000000000000e+00 2.790203775225937048e-09
2.754555326395460497e+02 4.000000000000000000e+00 3.000000000000000000e+00 4.983501481006821145e-07
2.754555326395460497e+02 4.000000000000000000e+00 4.000000000000000000e+00 1.939813443004541578e-06
3.630350025710228010e+02 0.000000000000000000e+00 0.000000000000000000e+00 1.664161274698741628e-06
3.630350025710228010e+02 0.000000000000000000e+00 1.000000000000000000e+00 2.741157612995014774e-07
3.630350025710228010e+02 0.000000000000000000e+00 2.000000000000000000e+00 2.088383234033523896e-10
3.630350025710228010e+02 0.000000000000000000e+00 3.000000000000000000e+00 4.716038915282428779e-16
3.630350025710228010e+02 0.000000000000000000e+00 4.000000000000000000e+00 2.277144968563187055e-23
3.630350025710228010e+02 1.000000000000000000e+00 0.000000000000000000e+00 2.741157612995014774e-07
3.630350025710228010e+02 1.000000000000000000e+00 1.000000000000000000e+00 1.474181527713445492e-06
3.630350025710228010e+02 1.000000000000000000e+00 2.000000000000000000e+00 2.761852310882672375e-07
3.630350025710228010e+02 1.000000000000000000e+00 3.000000000000000000e+00 6.976606294529112858e-10
3.630350025710228010e+02 1.000000000000000000e+00 4.000000000000000000e+00 1.700416675735982233e-14
3.630350025710228010e+02 2.000000000000000000e+00 0.000000000000000000e+00 2.088383234033523896e-10
3.630350025710228010e+02 2.000000000000000000e+00 1.000000000000000000e+00 2.761852310882672375e-07
3.630350025710228010e+02 2.000000000000000000e+00 2.000000000000000000e+00 1.394913662775809319e-06
3.630350025710228010e+02 2.000000000000000000e+00 3.000000000000000000e+00 3.027583736772714709e-07
3.630350025710228010e+02 2.000000000000000000e+00 4.000000000000000000e+00 1.827845640452989608e-09
3.630350025710228010e+02 3.000000000000000000e+00 0.000000000000000000e+00 4.716038915282428779e-16
3.630350025710228010e+02 3.000000000000000000e+00 1.000000000000000000e+00 6.976606294529112858e-10
3.630350025710228010e+02 3.000000000000000000e+00 2.000000000000000000e+00 3.027583736772714709e-07
3.630350025710228010e+02 3.000000000000000000e+00 3.000000000000000000e+00 1.334796277223629042e-06
3.630350025710228010e+02 3.000000000000000000e+00 4.000000000000000000e+00 3.379498992316228895e-07
3.630350025710228010e+02 4.000000000000000000e+00 0.000000000000000000e+00 2.277144968563187055e-23
3.630350025710228010e+02 4.000000000000000000e+00 1.000000000000000000e+00 1.700416675735982233e-14
3.630350025710228010e+02 4.000000000000000000e+00 2.000000000000000000e+00 1.827845640452989608e-09
3.630350025710228010e+02 4.000000000000000000e+00 3.000000000000000000e+00 3.379498992316228895e-07
3.630350025710228010e+02 4.000000000000000000e+00 4.000000000000000000e+00 1.384931836295811160e-06
4.784598509560719322e+02 0.000000000000000000e+00 0.000000000000000000e+00 1.169393272346489126e-06
4.784598509560719322e+02 0.000000000000000000e+00 1.000000000000000000e+00 1.921714327832961394e-07
4.784598509560719322e+02 0.000000000000000000e+00 2.000000000000000000e+00 1.444443828650084128e-10
4.784598509560719322e+02 0.000000000000000000e+00 3.000000000000000000e+00 3.220458197707886150e-16
4.784598509560719322e+02 0.000000000000000000e+00 4.000000000000000000e+00 1.519129234650099843e-23
4.784598509560719322e+02 1.000000000000000000e+00 0.000000000000000000e+00 1.921714327832961394e-07
4.784598509560719322e+02 1.000000000000000000e+00 1.000000000000000000e+00 1.035131598444597541e-06
4.784598509560719322e+02 1.000000000000000000e+00 2.000000000000000000e+00 1.928116436285447111e-07
4.784598509560719322e+02 1.000000000000000000e+00 3.000000000000000000e+00 4.768422174477504988e-10
4.784598509560719322e+02 1.000000000000000000e+00 4.000000000000000000e+00 1.157513664674640748e-14
4.784598509560719322e+02 2.000000000000000000e+00 0.000000000000000000e+00 1.444443828650084128e-10
4.784598509560719322e+02 2.000000000000000000e+00 1.000000000000000000e+00 1.928116436285447111e-07
4.784598509560719322e+02 2.000000000000000000e+00 2.000000000000000000e+00 9.656123396103146513e-07
4.784598509560719322e+02 2.000000000000000000e+00 3.000000000000000000e+00 2.076986436208418923e-07
4.784598509560719322e+02 2.000000000000000000e+00 4.000000000000000000e+00 1.269723875237520601e-09
4.784598509560719322e+02 3.000000000000000000e+00 0.000000000000000000e+00 3.220458197707886150e-16
4.784598509560719322e+02 3.000000000000000000e+00 1.000000000000000000e+00 4.768422174477504988e-10
4.784598509560719322e+02 3.000000000000000000e+00 2.000000000000000000e+00 2.076986436208418923e-07
4.784598509560719322e+02 3.000000000000000000e+00 3.000000000000000000e+00 9.262190717479449782e-07
4.784598509560719322e+02 3.000000000000000000e+00 4.000000000000000000e+00 2.355701490520575289e-07
4.784598509560719322e+02 4.000000000000000000e+00 0.000000000000000000e+00 1.519129234650099843e-23
4.784598509560719322e+02 4.000000000000000000e+00 1.000000000000000000e+00 1.157513664674640748e-14
4.784598509560719322e+02 4.000000000000000000e+00 2.000000000000000000e+00 1.269723875237520601e-09
4.784598509560719322e+02 4.000000000000000000e+00 3.000000000000000000e+00 2.355701490520575289e-07
4.784598509560719322e+02 4.000000000000000000e+00 4.000000000000000000e+00 9.466878199632992754e-07
6.305833524471806868e+02 0.000000000000000000e+00 0.000000000000000000e+00 8.406602254731047277e-07
6.305833524471806868e+02 0.000000000000000000e+00 1.000000000000000000e+00 1.377812220152965872e-07
6.305833524471806868e+02 0.000000000000000000e+00 2.000000000000000000e+00 1.023649120538881684e-10
6.305833524471806868e+02 0.000000000000000000e+00 3.000000000000000000e+00 2.236304069175798253e-16
6.305833524471806868e+02 0.000000000000000000e+00 4.000000000000000000e+00 1.034985390323465057e-23
6.305833524471806868e+02 1.000000000000000000e+00 0.000000000000000000e+00 1.377812220152965872e-07
6.305833524471806868e+02 1.000000000000000000e+00 1.000000000000000000e+00 7.451253802967194784e-07
6.305833524471806868e+02 1.000000000000000000e+00 2.000000000000000000e+00 1.374590825489816340e-07
6.305833524471806868e+02 1.000000000000000000e+00 3.000000000000000000e+00 3.340808527898429711e-10
6.305833524471806868e+02 1.000000000000000000e+00 4.000000000000000000e+00 8.033766301716834532e-15
6.305833524471806868e+02 2.000000000000000000e+00 0.000000000000000000e+00 1.023649120538881684e-10
6.305833524471806868e+02 2.000000000000000000e+00 1.000000000000000000e+00 1.374590825489816340e-07
6.305833524471806868e+02 2.000000000000000000e+00 2.000000000000000000e+00 6.852391065674064071e-07
6.305833524471806868e+02 2.000000000000000000e+00 3.000000000000000000e+00 1.458111715978515436e-07
6.305833524471806868e+02 2.000000000000000000e+00 4.000000000000000000e+00 8.826506126724390708e-10
6.305833524471806868e+02 3.000000000000000000e+00 0.000000000000000000e+00 2.236304069175798253e-16
6.305833524471806868e+02 3.000000000000000000e+00 1.000000000000000000e+00 3.340808527898429711e-10
6.305833524471806868e+02 3.000000000000000000e+00 2.000000000000000000e+00 1.458111715978515436e-07
6.305833524471806868e+02 3.000000000000000000e+00 3.000000000000000000e+00 6.459242530068777210e-07
6.305833524471806868e+02 3.000000000000000000e+00 4.000000000000000000e+00 1.615482434990870787e-07
6.305833524471806868e+02 4.000000000000000000e+00 0.000000000000000000e+00 1.034985390323465057e-23
6.305833524471806868e+02 4.000000000000000000e+00 1.000000000000000000e+00 8.033766301716834532e-15
6.305833524471806868e+02 4.000000000000000000e+00 2.000000000000000000e+00 8.826506126724390708e-10
6.305833524471806868e+02 4.000000000000000000e+00 3.000000000000000000e+00 1.615482434990870787e-07
6.305833524471806868e+02 4.000000000000000000e+00 4.000000000000000000e+00 6.441827622184117357e-07
8.310736284119960828e+02 0.000000000000000000e+00 0.000000000000000000e+00 6.142927644310673467e-07
8.310736284119960828e+02 0.000000000000000000e+00 1.000000000000000000e+00 1.009345600287407301e-07
8.310736284119960828e+02 0.000000000000000000e+00 2.000000000000000000e+00 7.413578071291199147e-11
8.310736284119960828e+02 0.000000000000000000e+00 3.000000000000000000e+00 1.588687247107349255e-16
8.310736284119960828e+02 0.000000000000000000e+00 4.000000000000000000e+00 7.203031308257254549e-24
8.310736284119960828e+02 1.000000000000000000e+00 0.000000000000000000e+00 1.009345600287407301e-07
8.310736284119960828e+02 1.000000000000000000e+00 1.000000000000000000e+00 5.481136594238856618e-07
8.310736284119960828e+02 1.000000000000000000e+00 2.000000000000000000e+00 1.004398567353589044e-07
8.310736284119960828e+02 1.000000000000000000e+00 3.000000000000000000e+00 2.399721948295845152e-10
8.310736284119960828e+02 1.000000000000000000e+00 4.000000000000000000e+00 5.675676355455539391e-15
8.310736284119960828e+02 2.000000000000000000e+00 0.000000000000000000e+00 7.413578071291199147e-11
8.310736284119960828e+02 2.000000000000000000e+00 1.000000000000000000e+00 1.004398567353589044e-07
8.310736284119960828e+02 2.000000000000000000e+00 2.000000000000000000e+00 4.988086726355428010e-07
8.310736284119960828e+02 2.000000000000000000e+00 3.000000000000000000e+00 1.045824280459825406e-07
8.310736284119960828e+02 2.000000000000000000e+00 4.000000000000000000e+00 6.247101105324852983e-10
8.310736284119960828e+02 3.000000000000000000e+00 0.000000000000000000e+00 1.588687247107349255e-16
8.310736284119960828e+02 3.000000000000000000e+00 1.000000000000000000e+00 2.399721948295845152e-10
8.310736284119960828e+02 3.000000000000000000e+00 2.000000000000000000e+00 1.045824280459825406e-07
8.310736284119960828e+02 3.000000000000000000e+00 3.000000000000000000e+00 4.587544649306776050e-07
8.310736284119960828e+02 3.000000000000000000e+00 4.000000000000000000e+00 1.131706058687578844e-07
8.310736284119960828e+02 4.000000000000000000e+00 0.000000000000000000e+00 7.203031308257254549e-24
8.310736284119960828e+02 4.000000000000000000e+00 1.000000000000000000e+00 5.675676355455539391e-15
8.310736284119960828e+02 4.000000000000000000e+00 2.000000000000000000e+00 6.247101105324852983e-10
8.310736284119960828e+02 4.000000000000000000e+00 3.000000000000000000e+00 1.131706058687578844e-07
8.310736284119960828e+02 4.000000000000000000e+00 4.000000000000000000e+00 4.481841836977765441e-07
1.095308610925839503e+03 0.000000000000000000e+00 0.000000000000000000e+00 4.496725411294019994e-07
1.095308610925839503e+03 0.000000000000000000e+00 1.000000000000000000e+00 7.458520487444862577e-08
1.095308610925839503e+03 0.000000000000000000e+00 2.000000000000000000e+00 5.456205191283173823e-11
1.095308610925839503e+03 0.000000000000000000e+00 3.000000000000000000e+00 1.150973567447586398e-16
1.095308610925839503e+03 0.000000000000000000e+00 4.000000000000000000e+00 5.129339517751890193e-24
1.095308610925839503e+03 1.000000000000000000e+00 0.000000000000000000e+00 7.458520487444862577e-08
1.095308610925839503e+03 1.000000000000000000e+00 1.000000000000000000e+00 4.084890813149168726e-07
1.095308610925839503e+03 1.000000000000000000e+00 2.000000000000000000e+00 7.461808022845690827e-08
1.095308610925839503e+03 1.000000000000000000e+00 3.000000000000000000e+00 1.761277043711957581e-10
1.095308610925839503e+03 1.000000000000000000e+00 4.000000000000000000e+00 4.104974349804394177e-15
1.095308610925839503e+03 2.000000000000000000e+00 0.000000000000000000e+00 5.456205191283173823e-11
1.095308610925839503e+03 2.000000000000000000e+00 1.000000000000000000e+00 7.461808022845690827e-08
1.095308610925839503e+03 2.000000000000000000e+00 2.000000000000000000e+00 3.704874427146250376e-07
1.095308610925839503e+03 2.000000000000000000e+00 3.000000000000000000e+00 7.675121857079876782e-08
1.095308610925839503e+03 2.000000000000000000e+00 4.000000000000000000e+00 4.523745679528321044e-10
1.095308610925839503e+03 3.000000000000000000e+00 0.000000000000000000e+00 1.150973567447586398e-16
1.095308610925839503e+03 3.000000000000000000e+00 1.000000000000000000e+00 1.761277043711957581e-10
1.095308610925839503e+03 3.000000000000000000e+00 2.000000000000000000e+00 7.675121857079876782e-08
1.095308610925839503e+03 3.000000000000000000e+00 3.000000000000000000e+00 3.334176686024404195e-07
1.095308610925839503e+03 3.000000000000000000e+00 4.000000000000000000e+00 8.120358339485859600e-08
1.095308610925839503e+03 4.000000000000000000e+00 0.000000000000000000e+00 5.129339517751890193e-24
1.095308610925839503e+03 4.000000000000000000e+00 1.000000000000000000e+00 4.104974349804394177e-15
1.095308610925839503e+03 4.000000000000000000e+00 2.000000000000000000e+00 4.523745679528321044e-10
1.095308610925839503e+03 4.000000000000000000e+00 3.000000000000000000e+00 8.120358339485859600e-08
1.095308610925839503e+03 4.000000000000000000e+00 4.000000000000000000e+00 3.185656082961996687e-07
1.443555555313027071e+03 0.000000000000000000e+00 0.000000000000000000e+00 3.291844728708230948e-07
1.443555555313027071e+03 0.000000000000000000e+00 1.000000000000000000e+00 5.511746604857196563e-08
1.443555555313027071e+03 0.000000000000000000e+00 2.000000000000000000e+00 4.023790677258604050e-11
1.443555555313027071e+03 0.000000000000000000e+00 3.000000000000000000e+00 8.411252303522278671e-17
1.443555555313027071e+03 0.000000000000000000e+00 4.000000000000000000e+00 3.702929481783016675e-24
1.443555555313027071e+03 1.000000000000000000e+00 0.000000000000000000e+00 5.511746604857196563e-08
1.443555555313027071e+03 1.000000000000000000e+00 1.000000000000000000e+00 3.048620634302068269e-07
1.443555555313027071e+03 1.000000000000000000e+00 2.000000000000000000e+00 5.564349491687240459e-08
1.443555555313027071e+03 1.000000000000000000e+00 3.000000000000000000e+00 1.302816351854865235e-10
1.443555555313027071e+03 1.000000000000000000e+00 4.000000000000000000e+00 3.007712906658376514e-15
1.443555555313027071e+03 2.000000000000000000e+00 0.000000000000000000e+00 4.023790677258604050e-11
1.443555555313027071e+03 2.000000000000000000e+00 1.000000000000000000e+00 5.564349491687240459e-08
1.443555555313027071e+03 2.000000000000000000e+00 2.000000000000000000e+00 2.765541576287678726e-07
1.443555555313027071e+03 2.000000000000000000e+00 3.000000000000000000e+00 5.684776524052760674e-08
1.443555555313027071e+03 2.000000000000000000e+00 4.000000000000000000e+00 3.325973398251329423e-10
1.443555555313027071e+03 3.000000000000000000e+00 0.000000000000000000e+00 8.411252303522278671e-17
1.443555555313027071e+03 3.000000000000000000e+00 1.000000000000000000e+00 1.302816351854865235e-10
1.443555555313027071e+03 3.000000000000000000e+00 2.000000000000000000e+00 5.684776524052760674e-08
1.443555555313027071e+03 3.000000000000000000e+00 3.000000000000000000e+00 2.456093773234985621e-07
1.443555555313027071e+03 3.000000000000000000e+00 4.000000000000000000e+00 5.934464615589301192e-08
1.443555555313027071e+03 4.000000000000000000e+00 0.000000000000000000e+00 3.702929481783016675e-24
1.443555555313027071e+03 4.000000000000000000e+00 1.000000000000000000e+00 3.007712906658376514e-15
1.443555555313027071e+03 4.000000000000000000e+00 2.000000000000000000e+00 3.325973398251329423e-10
1.443555555313027071e+03 4.000000000000000000e+00 3.000000000000000000e+00 5.934464615589301192e-08
1.443555555313027071e+03 4.000000000000000000e+00 4.000000000000000000e+00 2.310709061676424264e-07
1.902525571778048743e+03 0.000000000000000000e+00 0.000000000000000000e+00 2.409703999941121565e-07
1.902525571778048743e+03 0.000000000000000000e+00 1.000000000000000000e+00 4.073101385246388105e-08
1.902525571778048743e+03 0.000000000000000000e+00 2.000000000000000000e+00 2.967404584941856997e-11
1.902525571778048743e+03 0.000000000000000000e+00 3.000000000000000000e+00 6.147478683857882641e-17
1.902525571778048743e+03 0.000000000000000000e+00 4.000000000000000000e+00 2.676558226374319613e-24
1.902525571778048743e+03 1.000000000000000000e+00 0.000000000000000000e+00 4.073101385246388105e-08
1.902525571778048743e+03 1.000000000000000000e+00 1.000000000000000000e+00 2.275317835187625318e-07
1.902525571778048743e+03 1.000000000000000000e+00 2.000000000000000000e+00 4.149164626680506664e-08
1.902525571778048743e+03 1.000000000000000000e+00 3.000000000000000000e+00 9.633884998753934681e-11
1.902525571778048743e+03 1.000000000000000000e+00 4.000000000000000000e+00 2.199691745298890853e-15
1.902525571778048743e+03 2.000000000000000000e+00 0.000000000000000000e+00 2.967404584941856997e-11
1.902525571778048743e+03 2.000000000000000000e+00 1.000000000000000000e+00 4.149164626680506664e-08
1.902525571778048743e+03 2.000000000000000000e+00 2.000000000000000000e+00 2.062784583276487119e-07
1.902525571778048743e+03 2.000000000000000000e+00 3.000000000000000000e+00 4.197730030855426586e-08
1.902525571778048743e+03 2.000000000000000000e+00 4.000000000000000000e+00 2.430189107626983252e-10
1.902525571778048743e+03 3.000000000000000000e+00 0.000000000000000000e+00 6.147478683857882641e-17
1.902525571778048743e+03 3.000000000000000000e+00 1.000000000000000000e+00 9.633884998753934681e-11
1.902525571778048743e+03 3.000000000000000000e+00 2.000000000000000000e+00 4.197730030855426586e-08
1.902525571778048743e+03 3.000000000000000000e+00 3.000000000000000000e+00 1.797381938004532586e-07
1.902525571778048743e+03 3.000000000000000000e+00 4.000000000000000000e+00 4.302713875755888808e-08
1.902525571778048743e+03 4.000000000000000000e+00 0.000000000000000000e+00 2.676558226374319613e-24
1.902525571778048743e+03 4.000000000000000000e+00 1.000000000000000000e+00 2.199691745298890853e-15
1.902525571778048743e+03 4.000000000000000000e+00 2.000000000000000000e+00 2.430189107626983252e-10
1.902525571778048743e+03 4.000000000000000000e+00 3.000000000000000000e+00 4.302713875755888808e-08
1.902525571778048743e+03 4.000000000000000000e+00 4.000000000000000000e+00 1.667179098855845518e-07
2.507422411245197964e+03 0.000000000000000000e+00 0.000000000000000000e+00 1.764043214808710289e-07
2.507422411245197964e+03 0.000000000000000000e+00 1.000000000000000000e+00 3.009996206993991345e-08
2.507422411245197964e+03 0.000000000000000000e+00 2.000000000000000000e+00 2.188421158529527591e-11
2.507422411245197964e+03 0.000000000000000000e+00 3.000000000000000000e+00 4.492989172710486126e-17
2.507422411245197964e+03 0.000000000000000000e+00 4.000000000000000000e+00 1.934704218532612985e-24
2.507422411245197964e+03 1.000000000000000000e+00 0.000000000000000000e+00 3.009996206993991345e-08
2.507422411245197964e+03 1.000000000000000000e+00 1.000000000000000000e+00 1.698278582958897759e-07
2.507422411245197964e+03 1.000000000000000000e+00 2.000000000000000000e+00 3.093990806727074280e-08
2.507422411245197964e+03 1.000000000000000000e+00 3.000000000000000000e+00 7.124064160832765351e-11
2.507422411245197964e+03 1.000000000000000000e+00 4.000000000000000000e+00 1.608694252565870023e-15
2.507422411245197964e+03 2.000000000000000000e+00 0.000000000000000000e+00 2.188421158529527591e-11
2.507422411245197964e+03 2.000000000000000000e+00 1.000000000000000000e+00 3.093990806727074280e-08
2.507422411245197964e+03 2.000000000000000000e+00 2.000000000000000000e+00 1.538705337678440110e-07
2.507422411245197964e+03 2.000000000000000000e+00 3.000000000000000000e+00 3.099701899031998075e-08
2.507422411245197964e+03 2.000000000000000000e+00 4.000000000000000000e+00 1.774370413362692378e-10
2.507422411245197964e+03 3.000000000000000000e+00 0.000000000000000000e+00 4.492989172710486126e-17
2.507422411245197964e+03 3.000000000000000000e+00 1.000000000000000000e+00 7.124064160832765351e-11
2.507422411245197964e+03 3.000000000000000000e+00 2.000000000000000000e+00 3.099701899031998075e-08
2.507422411245197964e+03 3.000000000000000000e+00 3.000000000000000000e+00 1.314464549338173262e-07
2.507422411245197964e+03 3.000000000000000000e+00 4.000000000000000000e+00 3.107983025297770862e-08
2.507422411245197964e+03 4.000000000000000000e+00 0.000000000000000000e+00 1.934704218532612985e-24
2.507422411245197964e+03 4.000000000000000000e+00 1.000000000000000000e+00 1.608694252565870023e-15
2.507422411245197964e+03 4.000000000000000000e+00 2.000000000000000000e+00 1.774370413362692378e-10
2.507422411245197964e+03 4.000000000000000000e+00 3.000000000000000000e+00 3.107983025297770862e-08
2.507422411245197964e+03 4.000000000000000000e+00 4.000000000000000000e+00 1.191193042828832894e-07
3.304642650631425568e+03 0.000000000000000000e+00 0.000000000000000000e+00 1.291447327135193160e-07
3.304642650631425568e+03 0.000000000000000000e+00 1.000000000000000000e+00 2.224387134411773508e-08
3.304642650631425568e+03 0.000000000000000000e+00 2.000000000000000000e+00 1.613922578416897243e-11
3.304642650631425568e+03 0.000000000000000000e+00 3.000000000000000000e+00 3.283812977469053271e-17
3.304642650631425568e+03 0.000000000000000000e+00 4.000000000000000000e+00 1.398497121194033120e-24
3.304642650631425568e+03 1.000000000000000000e+00 0.000000000000000000e+00 2.224387134411773508e-08
3.304642650631425568e+03 1.000000000000000000e+00 1.000000000000000000e+00 1.267641069672577830e-07
3.304642650631425568e+03 1.000000000000000000e+00 2.000000000000000000e+00 2.307216216151638334e-08
3.304642650631425568e+03 1.000000000000000000e+00 3.000000000000000000e+00 5.268225947659016327e-11
3.304642650631425568e+03 1.000000000000000000e+00 4.000000000000000000e+00 1.176510487786221586e-15
3.304642650631425568e+03 2.000000000000000000e+00 0.000000000000000000e+00 1.613922578416897243e-11
3.304642650631425568e+03 2.000000000000000000e+00 1.000000000000000000e+00 2.307216216151638334e-08
3.304642650631425568e+03 2.000000000000000000e+00 2.000000000000000000e+00 1.147855205132931372e-07
3.304642650631425568e+03 2.000000000000000000e+00 3.000000000000000000e+00 2.289004706520320687e-08
3.304642650631425568e+03 2.000000000000000000e+00 4.000000000000000000e+00 1.295577616632941706e-10
3.304642650631425568e+03 3.000000000000000000e+00 0.000000000000000000e+00 3.283812977469053271e-17
3.304642650631425568e+03 3.000000000000000000e+00 1.000000000000000000e+00 5.268225947659016327e-11
3.304642650631425568e+03 3.000000000000000000e+00 2.000000000000000000e+00 2.289004706520320687e-08
3.304642650631425568e+03 3.000000000000000000e+00 3.000000000000000000e+00 9.613862043264352771e-08
3.304642650631425568e+03 3.000000000000000000e+00 4.000000000000000000e+00 2.245155460411746531e-08
3.304642650631425568e+03 4.000000000000000000e+00 0.000000000000000000e+00 1.398497121194033120e-24
3.304642650631425568e+03 4.000000000000000000e+00 1.000000000000000000e+00 1.176510487786221586e-15
3.304642650631425568e+03 4.000000000000000000e+00 2.000000000000000000e+00 1.295577616632941706e-10
3.304642650631425568e+03 4.000000000000000000e+00 3.000000000000000000e+00 2.245155460411746531e-08
3.304642650631425568e+03 4.000000000000000000e+00 4.000000000000000000e+00 8.511932359114044564e-08
4.355334386179088142e+03 0.000000000000000000e+00 0.000000000000000000e+00 9.454424511243525080e-08
4.355334386179088142e+03 0.000000000000000000e+00 1.000000000000000000e+00 1.643851104715807176e-08
4.355334386179088142e+03 0.000000000000000000e+00 2.000000000000000000e+00 1.190236149501731465e-11
4.355334386179088142e+03 0.000000000000000000e+00 3.000000000000000000e+00 2.400081488927506407e-17
4.355334386179088142e+03 0.000000000000000000e+00 4.000000000000000000e+00 1.010926530154441281e-24
4.355334386179088142e+03 1.000000000000000000e+00 0.000000000000000000e+00 1.643851104715807176e-08
4.355334386179088142e+03 1.000000000000000000e+00 1.000000000000000000e+00 9.462484263797065539e-08
4.355334386179088142e+03 1.000000000000000000e+00 2.000000000000000000e+00 1.720547662130691917e-08
4.355334386179088142e+03 1.000000000000000000e+00 3.000000000000000000e+00 3.895944291943235182e-11
4.355334386179088142e+03 1.000000000000000000e+00 4.000000000000000000e+00 8.604639940751520511e-16
4.355334386179088142e+03 2.000000000000000000e+00 0.000000000000000000e+00 1.190236149501731465e-11
4.355334386179088142e+03 2.000000000000000000e+00 1.000000000000000000e+00 1.720547662130691917e-08
4.355334386179088142e+03 2.000000000000000000e+00 2.000000000000000000e+00 8.563475259284972777e-08
4.355334386179088142e+03 2.000000000000000000e+00 3.000000000000000000e+00 1.690432516175496172e-08
4.355334386179088142e+03 2.000000000000000000e+00 4.000000000000000000e+00 9.460331149496875507e-11
4.355334386179088142e+03 3.000000000000000000e+00 0.000000000000000000e+00 2.400081488927506407e-17
4.355334386179088142e+03 3.000000000000000000e+00 1.000000000000000000e+00 3.895944291943235182e-11
4.355334386179088142e+03 3.000000000000000000e+00 2.000000000000000000e+00 1.690432516175496172e-08
4.355334386179088142e+03 3.000000000000000000e+00 3.000000000000000000e+00 7.032248080085502059e-08
4.355334386179088142e+03 3.000000000000000000e+00 4.000000000000000000e+00 1.621996149032893015e-08
4.355334386179088142e+03 4.000000000000000000e+00 0.000000000000000000e+00 1.010926530154441281e-24
4.355334386179088142e+03 4.000000000000000000e+00 1.000000000000000000e+00 8.604639940751520511e-16
4.355334386179088142e+03 4.000000000000000000e+00 2.000000000000000000e+00 9.460331149496875507e-11
4.355334386179088142e+03 4.000000000000000000e+00 3.000000000000000000e+00 1.621996149032893015e-08
4.355334386179088142e+03 4.000000000000000000e+00 4.000000000000000000e+00 6.083066362638638907e-08
