2.296034956979031350e+01 0.000000000000000000e+00 0.000000000000000000e+00 8.259692743737837454e-08
2.296034956979031350e+01 0.000000000000000000e+00 1.000000000000000000e+00 3.998607666073917171e-07
2.296034956979031350e+01 0.000000000000000000e+00 2.000000000000000000e+00 6.699264328260854965e-07
2.296034956979031350e+01 0.000000000000000000e+00 3.000000000000000000e+00 8.500436393746728735e-07
2.296034956979031350e+01 0.000000000000000000e+00 4.000000000000000000e+00 1.011456795728596406e-06
2.296034956979031350e+01 1.000000000000000000e+00 0.000000000000000000e+00 1.638436629828969305e-09
2.296034956979031350e+01 1.000000000000000000e+00 1.000000000000000000e+00 5.345791616714658081e-08
2.296034956979031350e+01 1.000000000000000000e+00 2.000000000000000000e+00 2.365995821057353413e-07
2.296034956979031350e+01 1.000000000000000000e+00 3.000000000000000000e+00 4.471285566590904816e-07
2.296034956979031350e+01 1.000000000000000000e+00 4.000000000000000000e+00 6.455651291306622855e-07
2.296034956979031350e+01 2.000000000000000000e+00 0.000000000000000000e+00 2.821415302031993834e-12
2.296034956979031350e+01 2.000000000000000000e+00 1.000000000000000000e+00 1.266752000636085566e-09
2.296034956979031350e+01 2.000000000000000000e+00 2.000000000000000000e+00 3.433538709017364892e-08
2.296034956979031350e+01 2.000000000000000000e+00 3.000000000000000000e+00 1.728501239596607068e-07
2.296034956979031350e+01 2.000000000000000000e+00 4.000000000000000000e+00 3.718533468920098664e-07
2.296034956979031350e+01 3.000000000000000000e+00 0.000000000000000000e+00 9.309818751591781788e-16
2.296034956979031350e+01 3.000000000000000000e+00 1.000000000000000000e+00 4.924191324775200947e-12
2.296034956979031350e+01 3.000000000000000000e+00 2.000000000000000000e+00 1.406999140335521720e-09
2.296034956979031350e+01 3.000000000000000000e+00 3.000000000000000000e+00 4.174548494359477241e-08
2.296034956979031350e+01 3.000000000000000000e+00 4.000000000000000000e+00 2.065553407337438009e-07
2.296034956979031350e+01 4.000000000000000000e+00 0.000000000000000000e+00 1.450809132501518405e-19
2.296034956979031350e+01 4.000000000000000000e+00 1.000000000000000000e+00 5.094691594858878769e-15
2.296034956979031350e+01 4.000000000000000000e+00 2.000000000000000000e+00 1.424643600031578927e-11
2.296034956979031350e+01 4.000000000000000000e+00 3.000000000000000000e+00 4.900002536335599997e-09
2.296034956979031350e+01 4.000000000000000000e+00 4.000000000000000000e+00 1.070424558560508928e-07
3.026045795931756999e+01 0.000000000000000000e+00 0.000000000000000000e+00 6.491803225793174611e-08
3.026045795931756999e+01 0.000000000000000000e+00 1.000000000000000000e+00 3.182725807485801297e-07
3.026045795931756999e+01 0.000000000000000000e+00 2.000000000000000000e+00 5.381744035635445639e-07
3.026045795931756999e+01 0.000000000000000000e+00 3.000000000000000000e+00 6.854123193539672758e-07
3.026045795931756999e+01 0.000000000000000000e+00 4.000000000000000000e+00 8.173670226419835454e-07
3.026045795931756999e+01 1.000000000000000000e+00 0.000000000000000000e+00 1.410562978197897055e-09
3.026045795931756999e+01 1.000000000000000000e+00 1.000000000000000000e+00 4.751637108392136677e-08
3.026045795931756999e+01 1.000000000000000000e+00 2.000000000000000000e+00 2.152682245573556311e-07
3.026045795931756999e+01 1.000000000000000000e+00 3.000000000000000000e+00 4.112667611981497584e-07
3.026045795931756999e+01 1.000000000000000000e+00 4.000000000000000000e+00 5.964530675246251345e-07
3.026045795931756999e+01 2.000000000000000000e+00 0.000000000000000000e+00 2.702951643105910089e-12
3.026045795931756999e+01 2.000000000000000000e+00 1.000000000000000000e+00 1.235687369480820677e-09
3.026045795931756999e+01 2.000000000000000000e+00 2.000000000000000000e+00 3.408162733209719092e-08
3.026045795931756999e+01 2.000000000000000000e+00 3.000000000000000000e+00 1.737554767855835286e-07
3.026045795931756999e+01 2.000000000000000000e+00 4.000000000000000000e+00 3.758174778204512462e-07
3.026045795931756999e+01 3.000000000000000000e+00 0.000000000000000000e+00 9.506890135799435313e-16
3.026045795931756999e+01 3.000000000000000000e+00 1.000000000000000000e+00 5.074059211900016417e-12
3.026045795931756999e+01 3.000000000000000000e+00 2.000000000000000000e+00 1.465633831738280906e-09
3.026045795931756999e+01 3.000000000000000000e+00 3.000000000000000000e+00 4.399264760394002910e-08
3.026045795931756999e+01 3.000000000000000000e+00 4.000000000000000000e+00 2.191391056309663020e-07
3.026045795931756999e+01 4.000000000000000000e+00 0.000000000000000000e+00 1.541163723021521203e-19
3.026045795931756999e+01 4.000000000000000000e+00 1.000000000000000000e+00 5.437646913707054688e-15
3.026045795931756999e+01 4.000000000000000000e+00 2.000000000000000000e+00 1.530583096862206728e-11
3.026045795931756999e+01 4.000000000000000000e+00 3.000000000000000000e+00 5.314650345884749314e-09
3.026045795931756999e+01 4.000000000000000000e+00 4.000000000000000000e+00 1.170341101609704354e-07
3.988159296635606665e+01 0.000000000000000000e+00 0.000000000000000000e+00 5.114488739010308793e-08
3.988159296635606665e+01 0.000000000000000000e+00 1.000000000000000000e+00 2.497383875029403016e-07
3.988159296635606665e+01 0.000000000000000000e+00 2.000000000000000000e+00 4.217361882056352001e-07
3.988159296635606665e+01 0.000000000000000000e+00 3.000000000000000000e+00 5.369868617797196507e-07
3.988159296635606665e+01 0.000000000000000000e+00 4.000000000000000000e+00 6.402768866640334311e-07
3.988159296635606665e+01 1.000000000000000000e+00 0.000000000000000000e+00 1.112895514153061693e-09
3.988159296635606665e+01 1.000000000000000000e+00 1.000000000000000000e+00 3.839034250734564175e-08
3.988159296635606665e+01 1.000000000000000000e+00 2.000000000000000000e+00 1.776871870587087650e-07
3.988159296635606665e+01 1.000000000000000000e+00 3.000000000000000000e+00 3.431940973039153457e-07
3.988159296635606665e+01 1.000000000000000000e+00 4.000000000000000000e+00 4.999957983250756622e-07
3.988159296635606665e+01 2.000000000000000000e+00 0.000000000000000000e+00 2.346972070977672340e-12
3.988159296635606665e+01 2.000000000000000000e+00 1.000000000000000000e+00 1.096565740310270397e-09
3.988159296635606665e+01 2.000000000000000000e+00 2.000000000000000000e+00 3.091863801766154771e-08
3.988159296635606665e+01 2.000000000000000000e+00 3.000000000000000000e+00 1.602544894549487287e-07
3.988159296635606665e+01 2.000000000000000000e+00 4.000000000000000000e+00 3.490887136435881282e-07
3.988159296635606665e+01 3.000000000000000000e+00 0.000000000000000000e+00 8.944689224155906156e-16
3.988159296635606665e+01 3.000000000000000000e+00 1.000000000000000000e+00 4.832337470198343915e-12
3.988159296635606665e+01 3.000000000000000000e+00 2.000000000000000000e+00 1.416516924344581826e-09
3.988159296635606665e+01 3.000000000000000000e+00 3.000000000000000000e+00 4.319635256455834324e-08
3.988159296635606665e+01 3.000000000000000000e+00 4.000000000000000000e+00 2.171430324139036931e-07
3.988159296635606665e+01 4.000000000000000000e+00 0.000000000000000000e+00 1.529774661263505804e-19
3.988159296635606665e+01 4.000000000000000000e+00 1.000000000000000000e+00 5.432128496902573599e-15
3.988159296635606665e+01 4.000000000000000000e+00 2.000000000000000000e+00 1.542610864363284470e-11
3.988159296635606665e+01 4.000000000000000000e+00 3.000000000000000000e+00 5.424853361034704525e-09
3.988159296635606665e+01 4.000000000000000000e+00 4.000000000000000000e+00 1.207339814085721240e-07
5.256171138164663148e+01 0.000000000000000000e+00 0.000000000000000000e+00 3.852095046334501688e-08
5.256171138164663148e+01 0.000000000000000000e+00 1.000000000000000000e+00 1.934426841458805527e-07
5.256171138164663148e+01 0.000000000000000000e+00 2.000000000000000000e+00 3.285163878329306983e-07
5.256171138164663148e+01 0.000000000000000000e+00 3.000000000000000000e+00 4.189636950250711668e-07
5.256171138164663148e+01 0.000000000000000000e+00 4.000000000000000000e+00 5.000236300386259059e-07
5.256171138164663148e+01 1.000000000000000000e+00 0.000000000000000000e+00 8.677922074698244713e-10
5.256171138164663148e+01 1.000000000000000000e+00 1.000000000000000000e+00 2.974892821251776144e-08
5.256171138164663148e+01 1.000000000000000000e+00 2.000000000000000000e+00 1.380869929333276664e-07
5.256171138164663148e+01 1.000000000000000000e+00 3.000000000000000000e+00 2.676598009383471935e-07
5.256171138164663148e+01 1.000000000000000000e+00 4.000000000000000000e+00 3.906054460067286437e-07
5.256171138164663148e+01 2.000000000000000000e+00 0.000000000000000000e+00 1.855365829216655775e-12
5.256171138164663148e+01 2.000000000000000000e+00 1.000000000000000000e+00 8.811778337050064858e-10
5.256171138164663148e+01 2.000000000000000000e+00 2.000000000000000000e+00 2.534212604219759656e-08
5.256171138164663148e+01 2.000000000000000000e+00 3.000000000000000000e+00 1.335473989316428425e-07
5.256171138164663148e+01 2.000000000000000000e+00 4.000000000000000000e+00 2.931016193338887881e-07
5.256171138164663148e+01 3.000000000000000000e+00 0.000000000000000000e+00 7.599385699961971382e-16
5.256171138164663148e+01 3.000000000000000000e+00 1.000000000000000000e+00 4.162201162983905142e-12
5.256171138164663148e+01 3.000000000000000000e+00 2.000000000000000000e+00 1.241576715618630094e-09
5.256171138164663148e+01 3.000000000000000000e+00 3.000000000000000000e+00 3.861519051726733063e-08
5.256171138164663148e+01 3.000000000000000000e+00 4.000000000000000000e+00 1.963920619279574019e-07
5.256171138164663148e+01 4.000000000000000000e+00 0.000000000000000000e+00 1.385858538295808099e-19
5.256171138164663148e+01 4.000000000000000000e+00 1.000000000000000000e+00 4.961976446582832119e-15
5.256171138164663148e+01 4.000000000000000000e+00 2.000000000000000000e+00 1.425477538506490158e-11
5.256171138164663148e+01 4.000000000000000000e+00 3.000000000000000000e+00 5.097880049710238832e-09
5.256171138164663148e+01 4.000000000000000000e+00 4.000000000000000000e+00 1.150847130635732694e-07
6.927339902641679714e+01 0.000000000000000000e+00 0.000000000000000000e+00 2.671867905525483391e-08
6.927339902641679714e+01 0.000000000000000000e+00 1.000000000000000000e+00 1.392007674729198080e-07
6.927339902641679714e+01 0.000000000000000000e+00 2.000000000000000000e+00 2.409157657997521564e-07
6.927339902641679714e+01 0.000000000000000000e+00 3.000000000000000000e+00 3.093449429423625049e-07
6.927339902641679714e+01 0.000000000000000000e+00 4.000000000000000000e+00 3.706738625810230477e-07
6.927339902641679714e+01 1.000000000000000000e+00 0.000000000000000000e+00 7.015876222613919570e-10
6.927339902641679714e+01 1.000000000000000000e+00 1.000000000000000000e+00 2.392112034392895495e-08
6.927339902641679714e+01 1.000000000000000000e+00 2.000000000000000000e+00 1.098530179762493651e-07
6.927339902641679714e+01 1.000000000000000000e+00 3.000000000000000000e+00 2.117659668190940958e-07
6.927339902641679714e+01 1.000000000000000000e+00 4.000000000000000000e+00 3.083596622421898885e-07
6.927339902641679714e+01 2.000000000000000000e+00 0.000000000000000000e+00 1.438621625943514107e-12
6.927339902641679714e+01 2.000000000000000000e+00 1.000000000000000000e+00 6.795381612380487556e-10
6.927339902641679714e+01 2.000000000000000000e+00 2.000000000000000000e+00 1.955415929034189584e-08
6.927339902641679714e+01 2.000000000000000000e+00 3.000000000000000000e+00 1.035232630893236157e-07
6.927339902641679714e+01 2.000000000000000000e+00 4.000000000000000000e+00 2.278876744524690830e-07
6.927339902641679714e+01 3.000000000000000000e+00 0.000000000000000000e+00 5.921427665372969182e-16
6.927339902641679714e+01 3.000000000000000000e+00 1.000000000000000000e+00 3.268334136076208135e-12
6.927339902641679714e+01 3.000000000000000000e+00 2.000000000000000000e+00 9.867097300951622019e-10
6.927339902641679714e+01 3.000000000000000000e+00 3.000000000000000000e+00 3.118796110242815255e-08
6.927339902641679714e+01 3.000000000000000000e+00 4.000000000000000000e+00 1.603128337205566252e-07
6.927339902641679714e+01 4.000000000000000000e+00 0.000000000000000000e+00 1.131625727368063659e-19
6.927339902641679714e+01 4.000000000000000000e+00 1.000000000000000000e+00 4.083638755089969248e-15
6.927339902641679714e+01 4.000000000000000000e+00 2.000000000000000000e+00 1.186795573555050636e-11
6.927339902641679714e+01 4.000000000000000000e+00 3.000000000000000000e+00 4.321491063061533070e-09
6.927339902641679714e+01 4.000000000000000000e+00 4.000000000000000000e+00 9.916586318366155380e-08
9.129846967556690629e+01 0.000000000000000000e+00 0.000000000000000000e+00 1.832963496185666260e-08
9.129846967556690629e+01 0.000000000000000000e+00 1.000000000000000000e+00 9.487085277071516830e-08
9.129846967556690629e+01 0.000000000000000000e+00 2.000000000000000000e+00 1.644370053374995336e-07
9.129846967556690629e+01 0.000000000000000000e+00 3.000000000000000000e+00 2.114238651578429100e-07
9.129846967556690629e+01 0.000000000000000000e+00 4.000000000000000000e+00 2.535384791922669705e-07
9.129846967556690629e+01 1.000000000000000000e+00 0.000000000000000000e+00 5.033199443582277218e-10
9.129846967556690629e+01 1.000000000000000000e+00 1.000000000000000000e+00 1.812098528346774085e-08
9.129846967556690629e+01 1.000000000000000000e+00 2.000000000000000000e+00 8.575387563954262953e-08
9.129846967556690629e+01 1.000000000000000000e+00 3.000000000000000000e+00 1.669529797607474507e-07
9.129846967556690629e+01 1.000000000000000000e+00 4.000000000000000000e+00 2.439740252048951221e-07
9.129846967556690629e+01 2.000000000000000000e+00 0.000000000000000000e+00 1.174631648112983481e-12
9.129846967556690629e+01 2.000000000000000000e+00 1.000000000000000000e+00 5.513069648199304900e-10
9.129846967556690629e+01 2.000000000000000000e+00 2.000000000000000000e+00 1.566658265528156218e-08
9.129846967556690629e+01 2.000000000000000000e+00 3.000000000000000000e+00 8.205483771984048825e-08
9.129846967556690629e+01 2.000000000000000000e+00 4.000000000000000000e+00 1.798162271173743910e-07
9.129846967556690629e+01 3.000000000000000000e+00 0.000000000000000000e+00 4.635600018725162543e-16
9.129846967556690629e+01 3.000000000000000000e+00 1.000000000000000000e+00 2.540084414355152796e-12
9.129846967556690629e+01 3.000000000000000000e+00 2.000000000000000000e+00 7.618211338484058220e-10
9.129846967556690629e+01 3.000000000000000000e+00 3.000000000000000000e+00 2.400682214345808319e-08
9.129846967556690629e+01 3.000000000000000000e+00 4.000000000000000000e+00 1.234580848865475700e-07
9.129846967556690629e+01 4.000000000000000000e+00 0.000000000000000000e+00 8.698911282737833141e-20
9.129846967556690629e+01 4.000000000000000000e+00 1.000000000000000000e+00 3.142381656643695917e-15
9.129846967556690629e+01 4.000000000000000000e+00 2.000000000000000000e+00 9.159770947536616553e-12
9.129846967556690629e+01 4.000000000000000000e+00 3.000000000000000000e+00 3.360941169807088885e-09
9.129846967556690629e+01 4.000000000000000000e+00 4.000000000000000000e+00 7.786052969957055644e-08
1.203262822706559376e+02 0.000000000000000000e+00 0.000000000000000000e+00 1.245242089034123675e-08
1.203262822706559376e+02 0.000000000000000000e+00 1.000000000000000000e+00 6.503115581385498590e-08
1.203262822706559376e+02 0.000000000000000000e+00 2.000000000000000000e+00 1.127571978432955153e-07
1.203262822706559376e+02 0.000000000000000000e+00 3.000000000000000000e+00 1.449195693576916126e-07
1.203262822706559376e+02 0.000000000000000000e+00 4.000000000000000000e+00 1.737461011855465064e-07
1.203262822706559376e+02 1.000000000000000000e+00 0.000000000000000000e+00 3.394551462505056637e-10
1.203262822706559376e+02 1.000000000000000000e+00 1.000000000000000000e+00 1.208569532125938743e-08
1.203262822706559376e+02 1.000000000000000000e+00 2.000000000000000000e+00 5.817062574989812862e-08
1.203262822706559376e+02 1.000000000000000000e+00 3.000000000000000000e+00 1.148855739979217819e-07
1.203262822706559376e+02 1.000000000000000000e+00 4.000000000000000000e+00 1.689425934765512301e-07
1.203262822706559376e+02 2.000000000000000000e+00 0.000000000000000000e+00 8.541232284853809896e-13
1.203262822706559376e+02 2.000000000000000000e+00 1.000000000000000000e+00 4.182686202153854224e-10
1.203262822706559376e+02 2.000000000000000000e+00 2.000000000000000000e+00 1.230647670682158404e-08
1.203262822706559376e+02 2.000000000000000000e+00 3.000000000000000000e+00 6.561690459231208138e-08
1.203262822706559376e+02 2.000000000000000000e+00 4.000000000000000000e+00 1.445777122817961885e-07
1.203262822706559376e+02 3.000000000000000000e+00 0.000000000000000000e+00 3.790436308430759915e-16
1.203262822706559376e+02 3.000000000000000000e+00 1.000000000000000000e+00 2.082759098791368550e-12
1.203262822706559376e+02 3.000000000000000000e+00 2.000000000000000000e+00 6.229623375862010170e-10
1.203262822706559376e+02 3.000000000000000000e+00 3.000000000000000000e+00 1.944893659774014649e-08
1.203262822706559376e+02 3.000000000000000000e+00 4.000000000000000000e+00 9.928999382479560480e-08
1.203262822706559376e+02 4.000000000000000000e+00 0.000000000000000000e+00 7.003090323521261110e-20
1.203262822706559376e+02 4.000000000000000000e+00 1.000000000000000000e+00 2.514884885828199685e-15
1.203262822706559376e+02 4.000000000000000000e+00 2.000000000000000000e+00 7.267908419236381365e-12
1.203262822706559376e+02 4.000000000000000000e+00 3.000000000000000000e+00 2.634702730278828080e-09
1.203262822706559376e+02 4.000000000000000000e+00 4.000000000000000000e+00 6.051253443607374796e-08
1.585833175137243529e+02 0.000000000000000000e+00 0.000000000000000000e+00 8.413008978995803244e-09
1.585833175137243529e+02 0.000000000000000000e+00 1.000000000000000000e+00 4.371696829379135616e-08
1.585833175137243529e+02 0.000000000000000000e+00 2.000000000000000000e+00 7.590364263498354382e-08
1.585833175137243529e+02 0.000000000000000000e+00 3.000000000000000000e+00 9.764761727467841398e-08
1.585833175137243529e+02 0.000000000000000000e+00 4.000000000000000000e+00 1.171369304649467174e-07
1.585833175137243529e+02 1.000000000000000000e+00 0.000000000000000000e+00 2.372583269072305443e-10
1.585833175137243529e+02 1.000000000000000000e+00 1.000000000000000000e+00 8.539301293718456263e-09
1.585833175137243529e+02 1.000000000000000000e+00 2.000000000000000000e+00 4.054461659402175756e-08
1.585833175137243529e+02 1.000000000000000000e+00 3.000000000000000000e+00 7.924083532429467517e-08
1.585833175137243529e+02 1.000000000000000000e+00 4.000000000000000000e+00 1.160254190449951772e-07
1.585833175137243529e+02 2.000000000000000000e+00 0.000000000000000000e+00 5.669961715533284417e-13
1.585833175137243529e+02 2.000000000000000000e+00 1.000000000000000000e+00 2.732987644909030650e-10
1.585833175137243529e+02 2.000000000000000000e+00 2.000000000000000000e+00 8.112580597820615561e-09
1.585833175137243529e+02 2.000000000000000000e+00 3.000000000000000000e+00 4.423456910272657126e-08
1.585833175137243529e+02 2.000000000000000000e+00 4.000000000000000000e+00 9.870043233627689337e-08
1.585833175137243529e+02 3.000000000000000000e+00 0.000000000000000000e+00 2.623327349315475963e-16
1.585833175137243529e+02 3.000000000000000000e+00 1.000000000000000000e+00 1.484028449074650459e-12
1.585833175137243529e+02 3.000000000000000000e+00 2.000000000000000000e+00 4.608972794032142745e-10
1.585833175137243529e+02 3.000000000000000000e+00 3.000000000000000000e+00 1.494955881498492258e-08
1.585833175137243529e+02 3.000000000000000000e+00 4.000000000000000000e+00 7.777301331153093440e-08
1.585833175137243529e+02 4.000000000000000000e+00 0.000000000000000000e+00 5.522197051013685791e-20
1.585833175137243529e+02 4.000000000000000000e+00 1.000000000000000000e+00 2.007110626514842373e-15
1.585833175137243529e+02 4.000000000000000000e+00 2.000000000000000000e+00 5.879246542375623094e-12
1.585833175137243529e+02 4.000000000000000000e+00 3.000000000000000000e+00 2.156618169888880547e-09
1.585833175137243529e+02 4.000000000000000000e+00 4.000000000000000000e+00 4.965598619307128735e-08
2.090039525786275476e+02 0.000000000000000000e+00 0.000000000000000000e+00 5.765720007647130308e-09
2.090039525786275476e+02 0.000000000000000000e+00 1.000000000000000000e+00 2.971255736473797934e-08
2.090039525786275476e+02 0.000000000000000000e+00 2.000000000000000000e+00 5.140619965356795307e-08
2.090039525786275476e+02 0.000000000000000000e+00 3.000000000000000000e+00 6.604005426404612172e-08
2.090039525786275476e+02 0.000000000000000000e+00 4.000000000000000000e+00 7.915625287166908429e-08
2.090039525786275476e+02 1.000000000000000000e+00 0.000000000000000000e+00 1.599905009968970192e-10
2.090039525786275476e+02 1.000000000000000000e+00 1.000000000000000000e+00 5.711299787766022164e-09
2.090039525786275476e+02 1.000000000000000000e+00 2.000000000000000000e+00 2.738640536941964035e-08
2.090039525786275476e+02 1.000000000000000000e+00 3.000000000000000000e+00 5.399313082958782813e-08
2.090039525786275476e+02 1.000000000000000000e+00 4.000000000000000000e+00 7.934811106802887794e-08
2.090039525786275476e+02 2.000000000000000000e+00 0.000000000000000000e+00 4.027671485342032692e-13
2.090039525786275476e+02 2.000000000000000000e+00 1.000000000000000000e+00 1.973803539151387447e-10
2.090039525786275476e+02 2.000000000000000000e+00 2.000000000000000000e+00 5.808918982039021966e-09
2.090039525786275476e+02 2.000000000000000000e+00 3.000000000000000000e+00 3.100627289852275715e-08
2.090039525786275476e+02 2.000000000000000000e+00 4.000000000000000000e+00 6.841915677513918175e-08
2.090039525786275476e+02 3.000000000000000000e+00 0.000000000000000000e+00 1.796956766553867994e-16
2.090039525786275476e+02 3.000000000000000000e+00 1.000000000000000000e+00 9.917018294151776436e-13
2.090039525786275476e+02 3.000000000000000000e+00 2.000000000000000000e+00 3.008242472883253610e-10
2.090039525786275476e+02 3.000000000000000000e+00 3.000000000000000000e+00 9.678914042008532080e-09
2.090039525786275476e+02 3.000000000000000000e+00 4.000000000000000000e+00 5.062314984542889905e-08
2.090039525786275476e+02 4.000000000000000000e+00 0.000000000000000000e+00 3.567656762720445696e-20
2.090039525786275476e+02 4.000000000000000000e+00 1.000000000000000000e+00 1.305842103727956219e-15
2.090039525786275476e+02 4.000000000000000000e+00 2.000000000000000000e+00 3.887838933992205624e-12
2.090039525786275476e+02 4.000000000000000000e+00 3.000000000000000000e+00 1.477217216295883372e-09
2.090039525786275476e+02 4.000000000000000000e+00 4.000000000000000000e+00 3.528217913158118046e-08
2.754555326395460497e+02 0.000000000000000000e+00 0.000000000000000000e+00 4.031035883714729184e-09
2.754555326395460497e+02 0.000000000000000000e+00 1.000000000000000000e+00 2.049699687994889927e-08
2.754555326395460497e+02 0.000000000000000000e+00 2.000000000000000000e+00 3.527158161662577983e-08
2.754555326395460497e+02 0.000000000000000000e+00 3.000000000000000000e+00 4.522616737338903180e-08
2.754555326395460497e+02 0.000000000000000000e+00 4.000000000000000000e+00 5.414830484845378596e-08
2.754555326395460497e+02 1.000000000000000000e+00 0.000000000000000000e+00 1.093742697026702154e-10
2.754555326395460497e+02 1.000000000000000000e+00 1.000000000000000000e+00 3.893548894469499502e-09
2.754555326395460497e+02 1.000000000000000000e+00 2.000000000000000000e+00 1.857826284124431099e-08
2.754555326395460497e+02 1.000000000000000000e+00 3.000000000000000000e+00 3.646743289279929906e-08
2.754555326395460497e+02 1.000000000000000000e+00 4.000000000000000000e+00 5.348835327084372046e-08
2.754555326395460497e+02 2.000000000000000000e+00 0.000000000000000000e+00 2.708650159894492311e-13
2.754555326395460497e+02 2.000000000000000000e+00 1.000000000000000000e+00 1.305670622519047159e-10
2.754555326395460497e+02 2.000000000000000000e+00 2.000000000000000000e+00 3.838785967372758335e-09
2.754555326395460497e+02 2.000000000000000000e+00 3.000000000000000000e+00 2.078665914169014604e-08
2.754555326395460497e+02 2.000000000000000000e+00 4.000000000000000000e+00 4.628600922096286567e-08
2.754555326395460497e+02 3.000000000000000000e+00 0.000000000000000000e+00 1.228200193672442779e-16
2.754555326395460497e+02 3.000000000000000000e+00 1.000000000000000000e+00 6.944284344994659491e-13
2.754555326395460497e+02 3.000000000000000000e+00 2.000000000000000000e+00 2.161102996523564186e-10
2.754555326395460497e+02 3.000000000000000000e+00 3.000000000000000000e+00 7.022331629087074785e-09
2.754555326395460497e+02 3.000000000000000000e+00 4.000000000000000000e+00 3.652941982273796474e-08
2.754555326395460497e+02 4.000000000000000000e+00 0.000000000000000000e+00 2.606832141416639419e-20
2.754555326395460497e+02 4.000000000000000000e+00 1.000000000000000000e+00 9.466917960059844945e-16
2.754555326395460497e+02 4.000000000000000000e+00 2.000000000000000000e+00 2.767935671973034679e-12
2.754555326395460497e+02 4.000000000000000000e+00 3.000000000000000000e+00 1.013999352735808073e-09
2.754555326395460497e+02 4.000000000000000000e+00 4.000000000000000000e+00 2.346423439017860283e-08
3.630350025710228010e+02 0.000000000000000000e+00 0.000000000000000000e+00 2.886650926416998067e-09
3.630350025710228010e+02 0.000000000000000000e+00 1.000000000000000000e+00 1.446584142033795527e-08
3.630350025710228010e+02 0.000000000000000000e+00 2.000000000000000000e+00 2.473996370436788275e-08
3.630350025710228010e+02 0.000000000000000000e+00 3.000000000000000000e+00 3.165102549129797047e-08
3.630350025710228010e+02 0.000000000000000000e+00 4.000000000000000000e+00 3.784517929548804573e-08
3.630350025710228010e+02 1.000000000000000000e+00 0.000000000000000000e+00 7.628355004149268616e-11
3.630350025710228010e+02 1.000000000000000000e+00 1.000000000000000000e+00 2.686280279144694790e-09
3.630350025710228010e+02 1.000000000000000000e+00 2.000000000000000000e+00 1.271053637450567140e-08
3.630350025710228010e+02 1.000000000000000000e+00 3.000000000000000000e+00 2.486528795150764878e-08
3.630350025710228010e+02 1.000000000000000000e+00 4.000000000000000000e+00 3.642564286432500222e-08
3.630350025710228010e+02 2.000000000000000000e+00 0.000000000000000000e+00 1.845665630509968755e-13
3.630350025710228010e+02 2.000000000000000000e+00 1.000000000000000000e+00 8.900007703504979012e-11
3.630350025710228010e+02 2.000000000000000000e+00 2.000000000000000000e+00 2.620798364873836700e-09
3.630350025710228010e+02 2.000000000000000000e+00 3.000000000000000000e+00 1.414083839859327065e-08
3.630350025710228010e+02 2.000000000000000000e+00 4.000000000000000000e+00 3.137949607655834359e-08
3.630350025710228010e+02 3.000000000000000000e+00 0.000000000000000000e+00 8.387301378628649952e-17
3.630350025710228010e+02 3.000000000000000000e+00 1.000000000000000000e+00 4.686755446983812834e-13
3.630350025710228010e+02 3.000000000000000000e+00 2.000000000000000000e+00 1.431041815597057955e-10
3.630350025710228010e+02 3.000000000000000000e+00 3.000000000000000000e+00 4.575029395234322031e-09
3.630350025710228010e+02 3.000000000000000000e+00 4.000000000000000000e+00 2.375749307539842330e-08
3.630350025710228010e+02 4.000000000000000000e+00 0.000000000000000000e+00 1.684748139849356425e-20
3.630350025710228010e+02 4.000000000000000000e+00 1.000000000000000000e+00 6.122357384870542631e-16
3.630350025710228010e+02 4.000000000000000000e+00 2.000000000000000000e+00 1.806752072562499206e-12
3.630350025710228010e+02 4.000000000000000000e+00 3.000000000000000000e+00 6.822144159303553526e-10
3.630350025710228010e+02 4.000000000000000000e+00 4.000000000000000000e+00 1.631570655051413601e-08
4.784598509560719322e+02 0.000000000000000000e+00 0.000000000000000000e+00 2.114205139229366430e-09
4.784598509560719322e+02 0.000000000000000000e+00 1.000000000000000000e+00 1.045807630750888214e-08
4.784598509560719322e+02 0.000000000000000000e+00 2.000000000000000000e+00 1.777809164426593010e-08
4.784598509560719322e+02 0.000000000000000000e+00 3.000000000000000000e+00 2.269299523814898941e-08
4.784598509560719322e+02 0.000000000000000000e+00 4.000000000000000000e+00 2.709795835570519503e-08
4.784598509560719322e+02 1.000000000000000000e+00 0.000000000000000000e+00 5.454073874657878239e-11
4.784598509560719322e+02 1.000000000000000000e+00 1.000000000000000000e+00 1.896032944077693105e-09
4.784598509560719322e+02 1.000000000000000000e+00 2.000000000000000000e+00 8.887166501655938401e-09
4.784598509560719322e+02 1.000000000000000000e+00 3.000000000000000000e+00 1.731149972475302987e-08
4.784598509560719322e+02 1.000000000000000000e+00 4.000000000000000000e+00 2.531625933940843099e-08
4.784598509560719322e+02 2.000000000000000000e+00 0.000000000000000000e+00 1.285457960929268727e-13
4.784598509560719322e+02 2.000000000000000000e+00 1.000000000000000000e+00 6.156402961313224663e-11
4.784598509560719322e+02 2.000000000000000000e+00 2.000000000000000000e+00 1.796078200038912552e-09
4.784598509560719322e+02 2.000000000000000000e+00 3.000000000000000000e+00 9.612521408000104844e-09
4.784598509560719322e+02 2.000000000000000000e+00 4.000000000000000000e+00 2.126263635053883101e-08
4.784598509560719322e+02 3.000000000000000000e+00 0.000000000000000000e+00 5.677386324252834647e-17
4.784598509560719322e+02 3.000000000000000000e+00 1.000000000000000000e+00 3.156364922809877677e-13
4.784598509560719322e+02 3.000000000000000000e+00 2.000000000000000000e+00 9.618283133720644215e-11
4.784598509560719322e+02 3.000000000000000000e+00 3.000000000000000000e+00 3.085187560110220225e-09
4.784598509560719322e+02 3.000000000000000000e+00 4.000000000000000000e+00 1.606429932866625042e-08
4.784598509560719322e+02 4.000000000000000000e+00 0.000000000000000000e+00 1.144660183635492008e-20
4.784598509560719322e+02 4.000000000000000000e+00 1.000000000000000000e+00 4.170758525169647222e-16
4.784598509560719322e+02 4.000000000000000000e+00 2.000000000000000000e+00 1.233180242872478239e-12
4.784598509560719322e+02 4.000000000000000000e+00 3.000000000000000000e+00 4.628446789784946945e-10
4.784598509560719322e+02 4.000000000000000000e+00 4.000000000000000000e+00 1.089500581863091268e-08
6.305833524471806868e+02 0.000000000000000000e+00 0.000000000000000000e+00 1.570461850250543230e-09
6.305833524471806868e+02 0.000000000000000000e+00 1.000000000000000000e+00 7.704342478105395101e-09
6.305833524471806868e+02 0.000000000000000000e+00 2.000000000000000000e+00 1.303799771300649360e-08
6.305833524471806868e+02 0.000000000000000000e+00 3.000000000000000000e+00 1.661340736839760980e-08
6.305833524471806868e+02 0.000000000000000000e+00 4.000000000000000000e+00 1.981778635171365327e-08
6.305833524471806868e+02 1.000000000000000000e+00 0.000000000000000000e+00 4.002202755276252178e-11
6.305833524471806868e+02 1.000000000000000000e+00 1.000000000000000000e+00 1.373766703603441821e-09
6.305833524471806868e+02 1.000000000000000000e+00 2.000000000000000000e+00 6.373974572294998912e-09
6.305833524471806868e+02 1.000000000000000000e+00 3.000000000000000000e+00 1.235408565469142365e-08
6.305833524471806868e+02 1.000000000000000000e+00 4.000000000000000000e+00 1.802945925403877600e-08
6.305833524471806868e+02 2.000000000000000000e+00 0.000000000000000000e+00 9.167984910839228010e-14
6.305833524471806868e+02 2.000000000000000000e+00 1.000000000000000000e+00 4.348888479157180415e-11
6.305833524471806868e+02 2.000000000000000000e+00 2.000000000000000000e+00 1.256006313818953499e-09
6.305833524471806868e+02 2.000000000000000000e+00 3.000000000000000000e+00 6.670172205522510693e-09
6.305833524471806868e+02 2.000000000000000000e+00 4.000000000000000000e+00 1.470695031267392699e-08
6.305833524471806868e+02 3.000000000000000000e+00 0.000000000000000000e+00 3.929929762597446347e-17
6.305833524471806868e+02 3.000000000000000000e+00 1.000000000000000000e+00 2.172893673049182872e-13
6.305833524471806868e+02 3.000000000000000000e+00 2.000000000000000000e+00 6.586928206175636119e-11
6.305833524471806868e+02 3.000000000000000000e+00 3.000000000000000000e+00 2.099320600248717835e-09
6.305833524471806868e+02 3.000000000000000000e+00 4.000000000000000000e+00 1.087099817376652071e-08
6.305833524471806868e+02 4.000000000000000000e+00 0.000000000000000000e+00 7.800571577560961279e-21
6.305833524471806868e+02 4.000000000000000000e+00 1.000000000000000000e+00 2.828625429970679232e-16
6.305833524471806868e+02 4.000000000000000000e+00 2.000000000000000000e+00 8.296105115659437841e-13
6.305833524471806868e+02 4.000000000000000000e+00 3.000000000000000000e+00 3.077146704913350838e-10
6.305833524471806868e+02 4.000000000000000000e+00 4.000000000000000000e+00 7.194469552145553206e-09
8.310736284119960828e+02 0.000000000000000000e+00 0.000000000000000000e+00 1.170897395225159841e-09
8.310736284119960828e+02 0.000000000000000000e+00 1.000000000000000000e+00 5.722360151807560578e-09
8.310736284119960828e+02 0.000000000000000000e+00 2.000000000000000000e+00 9.662501685341987525e-09
8.310736284119960828e+02 0.000000000000000000e+00 3.000000000000000000e+00 1.230124226499674553e-08
8.310736284119960828e+02 0.000000000000000000e+00 4.000000000000000000e+00 1.466611779250818211e-08
8.310736284119960828e+02 1.000000000000000000e+00 0.000000000000000000e+00 2.995011397335343496e-11
8.310736284119960828e+02 1.000000000000000000e+00 1.000000000000000000e+00 1.017956888111576719e-09
8.310736284119960828e+02 1.000000000000000000e+00 2.000000000000000000e+00 4.681704744061933776e-09
8.310736284119960828e+02 1.000000000000000000e+00 3.000000000000000000e+00 9.033016273296408655e-09
8.310736284119960828e+02 1.000000000000000000e+00 4.000000000000000000e+00 1.315775576959352494e-08
8.310736284119960828e+02 2.000000000000000000e+00 0.000000000000000000e+00 6.709389936062737753e-14
8.310736284119960828e+02 2.000000000000000000e+00 1.000000000000000000e+00 3.152262514811975039e-11
8.310736284119960828e+02 2.000000000000000000e+00 2.000000000000000000e+00 9.008047041189126495e-10
8.310736284119960828e+02 2.000000000000000000e+00 3.000000000000000000e+00 4.743207118083427684e-09
8.310736284119960828e+02 2.000000000000000000e+00 4.000000000000000000e+00 1.041875846612714215e-08
8.310736284119960828e+02 3.000000000000000000e+00 0.000000000000000000e+00 2.786783542699674350e-17
8.310736284119960828e+02 3.000000000000000000e+00 1.000000000000000000e+00 1.530335052406026761e-13
8.310736284119960828e+02 3.000000000000000000e+00 2.000000000000000000e+00 4.599552419183661662e-11
8.310736284119960828e+02 3.000000000000000000e+00 3.000000000000000000e+00 1.451743228331864676e-09
8.310736284119960828e+02 3.000000000000000000e+00 4.000000000000000000e+00 7.471882791134693142e-09
8.310736284119960828e+02 4.000000000000000000e+00 0.000000000000000000e+00 5.392480962934473930e-21
8.310736284119960828e+02 4.000000000000000000e+00 1.000000000000000000e+00 1.946666219124709253e-16
8.310736284119960828e+02 4.000000000000000000e+00 2.000000000000000000e+00 5.670415769208450280e-13
8.310736284119960828e+02 4.000000000000000000e+00 3.000000000000000000e+00 2.081456229416660728e-10
8.310736284119960828e+02 4.000000000000000000e+00 4.000000000000000000e+00 4.832726521710950642e-09
1.095308610925839503e+03 0.000000000000000000e+00 0.000000000000000000e+00 8.730706980002758568e-10
1.095308610925839503e+03 0.000000000000000000e+00 1.000000000000000000e+00 4.252911994488658705e-09
1.095308610925839503e+03 0.000000000000000000e+00 2.000000000000000000e+00 7.169136284637250089e-09
1.095308610925839503e+03 0.000000000000000000e+00 3.000000000000000000e+00 9.120978108381846672e-09
1.095308610925839503e+03 0.000000000000000000e+00 4.000000000000000000e+00 1.087023102045150123e-08
1.095308610925839503e+03 1.000000000000000000e+00 0.000000000000000000e+00 2.250769602949354441e-11
1.095308610925839503e+03 1.000000000000000000e+00 1.000000000000000000e+00 7.608404775159329856e-10
1.095308610925839503e+03 1.000000000000000000e+00 2.000000000000000000e+00 3.481341592951084445e-09
1.095308610925839503e+03 1.000000000000000000e+00 3.000000000000000000e+00 6.697787065391060743e-09
1.095308610925839503e+03 1.000000000000000000e+00 4.000000000000000000e+00 9.744202270800264048e-09
1.095308610925839503e+03 2.000000000000000000e+00 0.000000000000000000e+00 5.001031175582289984e-14
1.095308610925839503e+03 2.000000000000000000e+00 1.000000000000000000e+00 2.332043882336737212e-11
1.095308610925839503e+03 2.000000000000000000e+00 2.000000000000000000e+00 6.604389285912234631e-10
1.095308610925839503e+03 2.000000000000000000e+00 3.000000000000000000e+00 3.450917296264258668e-09
1.095308610925839503e+03 2.000000000000000000e+00 4.000000000000000000e+00 7.553465905957562715e-09
1.095308610925839503e+03 3.000000000000000000e+00 0.000000000000000000e+00 2.024206738600143403e-17
1.095308610925839503e+03 3.000000000000000000e+00 1.000000000000000000e+00 1.104088426702682016e-13
1.095308610925839503e+03 3.000000000000000000e+00 2.000000000000000000e+00 3.289184831218681286e-11
1.095308610925839503e+03 3.000000000000000000e+00 3.000000000000000000e+00 1.027215508429776641e-09
1.095308610925839503e+03 3.000000000000000000e+00 4.000000000000000000e+00 5.251677650888297969e-09
1.095308610925839503e+03 4.000000000000000000e+00 0.000000000000000000e+00 3.812945825353227156e-21
1.095308610925839503e+03 4.000000000000000000e+00 1.000000000000000000e+00 1.369596855871759126e-16
1.095308610925839503e+03 4.000000000000000000e+00 2.000000000000000000e+00 3.960213433607812104e-13
1.095308610925839503e+03 4.000000000000000000e+00 3.000000000000000000e+00 1.437165829277507310e-10
1.095308610925839503e+03 4.000000000000000000e+00 4.000000000000000000e+00 3.304836027587459740e-09
1.443555555313027071e+03 0.000000000000000000e+00 0.000000000000000000e+00 6.510141484768011735e-10
1.443555555313027071e+03 0.000000000000000000e+00 1.000000000000000000e+00 3.160938982987246616e-09
1.443555555313027071e+03 0.000000000000000000e+00 2.000000000000000000e+00 5.319431285209693531e-09
1.443555555313027071e+03 0.000000000000000000e+00 3.000000000000000000e+00 6.763258373602307097e-09
1.443555555313027071e+03 0.000000000000000000e+00 4.000000000000000000e+00 8.057214940951051547e-09
1.443555555313027071e+03 1.000000000000000000e+00 0.000000000000000000e+00 1.691514706608115345e-11
1.443555555313027071e+03 1.000000000000000000e+00 1.000000000000000000e+00 5.688538051340885087e-10
1.443555555313027071e+03 1.000000000000000000e+00 2.000000000000000000e+00 2.591449029380671885e-09
1.443555555313027071e+03 1.000000000000000000e+00 3.000000000000000000e+00 4.974333242922051170e-09
1.443555555313027071e+03 1.000000000000000000e+00 4.000000000000000000e+00 7.229895779299685156e-09
1.443555555313027071e+03 2.000000000000000000e+00 0.000000000000000000e+00 3.739464193695786777e-14
1.443555555313027071e+03 2.000000000000000000e+00 1.000000000000000000e+00 1.734758538108549966e-11
1.443555555313027071e+03 2.000000000000000000e+00 2.000000000000000000e+00 4.882986694081931439e-10
1.443555555313027071e+03 2.000000000000000000e+00 3.000000000000000000e+00 2.537720368724304683e-09
1.443555555313027071e+03 2.000000000000000000e+00 4.000000000000000000e+00 5.540404740855256402e-09
1.443555555313027071e+03 3.000000000000000000e+00 0.000000000000000000e+00 1.490679245020349095e-17
1.443555555313027071e+03 3.000000000000000000e+00 1.000000000000000000e+00 8.087037443707830126e-14
1.443555555313027071e+03 3.000000000000000000e+00 2.000000000000000000e+00 2.391712295620963987e-11
1.443555555313027071e+03 3.000000000000000000e+00 3.000000000000000000e+00 7.401983404663601240e-10
1.443555555313027071e+03 3.000000000000000000e+00 4.000000000000000000e+00 3.762039375544948009e-09
1.443555555313027071e+03 4.000000000000000000e+00 0.000000000000000000e+00 2.750200357136350101e-21
1.443555555313027071e+03 4.000000000000000000e+00 1.000000000000000000e+00 9.834612041741800150e-17
1.443555555313027071e+03 4.000000000000000000e+00 2.000000000000000000e+00 2.824704182216703384e-13
1.443555555313027071e+03 4.000000000000000000e+00 3.000000000000000000e+00 1.014122904540462938e-10
1.443555555313027071e+03 4.000000000000000000e+00 4.000000000000000000e+00 2.308489781839835394e-09
1.902525571778048743e+03 0.000000000000000000e+00 0.000000000000000000e+00 4.854125792064277329e-10
1.902525571778048743e+03 0.000000000000000000e+00 1.000000000000000000e+00 2.349246605443059859e-09
1.902525571778048743e+03 0.000000000000000000e+00 2.000000000000000000e+00 3.946857085182791093e-09
1.902525571778048743e+03 0.000000000000000000e+00 3.000000000000000000e+00 5.014876760087344479e-09
1.902525571778048743e+03 0.000000000000000000e+00 4.000000000000000000e+00 5.972027523148527157e-09
1.902525571778048743e+03 1.000000000000000000e+00 0.000000000000000000e+00 1.271220725549949742e-11
1.902525571778048743e+03 1.000000000000000000e+00 1.000000000000000000e+00 4.253201098021604309e-10
1.902525571778048743e+03 1.000000000000000000e+00 2.000000000000000000e+00 1.929097679749266969e-09
1.902525571778048743e+03 1.000000000000000000e+00 3.000000000000000000e+00 3.694517038599531343e-09
1.902525571778048743e+03 1.000000000000000000e+00 4.000000000000000000e+00 5.364610211285857278e-09
1.902525571778048743e+03 2.000000000000000000e+00 0.000000000000000000e+00 2.796127818121488541e-14
1.902525571778048743e+03 2.000000000000000000e+00 1.000000000000000000e+00 1.290465618723618137e-11
1.902525571778048743e+03 2.000000000000000000e+00 2.000000000000000000e+00 3.610765863827087481e-10
1.902525571778048743e+03 2.000000000000000000e+00 3.000000000000000000e+00 1.866885003577904403e-09
1.902525571778048743e+03 2.000000000000000000e+00 4.000000000000000000e+00 4.065970768817486677e-09
1.902525571778048743e+03 3.000000000000000000e+00 0.000000000000000000e+00 1.098607970788097745e-17
1.902525571778048743e+03 3.000000000000000000e+00 1.000000000000000000e+00 5.929810348860505042e-14
1.902525571778048743e+03 3.000000000000000000e+00 2.000000000000000000e+00 1.741872079074651585e-11
1.902525571778048743e+03 3.000000000000000000e+00 3.000000000000000000e+00 5.346679187636239063e-10
1.902525571778048743e+03 3.000000000000000000e+00 4.000000000000000000e+00 2.703028009231798139e-09
1.902525571778048743e+03 4.000000000000000000e+00 0.000000000000000000e+00 1.988770452134303344e-21
1.902525571778048743e+03 4.000000000000000000e+00 1.000000000000000000e+00 7.083688678385019330e-17
1.902525571778048743e+03 4.000000000000000000e+00 2.000000000000000000e+00 2.022548360419180331e-13
1.902525571778048743e+03 4.000000000000000000e+00 3.000000000000000000e+00 7.193035636017760237e-11
1.902525571778048743e+03 4.000000000000000000e+00 4.000000000000000000e+00 1.623340140204913838e-09
2.507422411245197964e+03 0.000000000000000000e+00 0.000000000000000000e+00 3.619392326547014756e-10
2.507422411245197964e+03 0.000000000000000000e+00 1.000000000000000000e+00 1.746047503542611918e-09
2.507422411245197964e+03 0.000000000000000000e+00 2.000000000000000000e+00 2.928576727060497004e-09
2.507422411245197964e+03 0.000000000000000000e+00 3.000000000000000000e+00 3.718646037058388489e-09
2.507422411245197964e+03 0.000000000000000000e+00 4.000000000000000000e+00 4.426694388020992777e-09
2.507422411245197964e+03 1.000000000000000000e+00 0.000000000000000000e+00 9.553752593973704940e-12
2.507422411245197964e+03 1.000000000000000000e+00 1.000000000000000000e+00 3.180141550087086318e-10
2.507422411245197964e+03 1.000000000000000000e+00 2.000000000000000000e+00 1.436122833017239090e-09
2.507422411245197964e+03 1.000000000000000000e+00 3.000000000000000000e+00 2.744176097796255115e-09
2.507422411245197964e+03 1.000000000000000000e+00 4.000000000000000000e+00 3.980866698136759032e-09
2.507422411245197964e+03 2.000000000000000000e+00 0.000000000000000000e+00 2.090834849778153707e-14
2.507422411245197964e+03 2.000000000000000000e+00 1.000000000000000000e+00 9.599968727893884920e-12
2.507422411245197964e+03 2.000000000000000000e+00 2.000000000000000000e+00 2.670148147591943706e-10
2.507422411245197964e+03 2.000000000000000000e+00 3.000000000000000000e+00 1.373485372719778573e-09
2.507422411245197964e+03 2.000000000000000000e+00 4.000000000000000000e+00 2.984176412468307217e-09
2.507422411245197964e+03 3.000000000000000000e+00 0.000000000000000000e+00 8.096841328192313760e-18
2.507422411245197964e+03 3.000000000000000000e+00 1.000000000000000000e+00 4.348181336174686287e-14
2.507422411245197964e+03 3.000000000000000000e+00 2.000000000000000000e+00 1.268626347246578769e-11
2.507422411245197964e+03 3.000000000000000000e+00 3.000000000000000000e+00 3.861846648181332813e-10
2.507422411245197964e+03 3.000000000000000000e+00 4.000000000000000000e+00 1.941776222857689404e-09
2.507422411245197964e+03 4.000000000000000000e+00 0.000000000000000000e+00 1.437869287793000533e-21
2.507422411245197964e+03 4.000000000000000000e+00 1.000000000000000000e+00 5.100578866458606921e-17
2.507422411245197964e+03 4.000000000000000000e+00 2.000000000000000000e+00 1.447330187575691833e-13
2.507422411245197964e+03 4.000000000000000000e+00 3.000000000000000000e+00 5.095467144992520745e-11
2.507422411245197964e+03 4.000000000000000000e+00 4.000000000000000000e+00 1.138775866346633862e-09
3.304642650631425568e+03 0.000000000000000000e+00 0.000000000000000000e+00 2.698802022692880311e-10
3.304642650631425568e+03 0.000000000000000000e+00 1.000000000000000000e+00 1.297782610854299403e-09
3.304642650631425568e+03 0.000000000000000000e+00 2.000000000000000000e+00 2.173116797273555472e-09
3.304642650631425568e+03 0.000000000000000000e+00 3.000000000000000000e+00 2.757601679916476790e-09
3.304642650631425568e+03 0.000000000000000000e+00 4.000000000000000000e+00 3.281404310942140757e-09
3.304642650631425568e+03 1.000000000000000000e+00 0.000000000000000000e+00 7.180122292931373331e-12
3.304642650631425568e+03 1.000000000000000000e+00 1.000000000000000000e+00 2.377877368162936220e-10
3.304642650631425568e+03 1.000000000000000000e+00 2.000000000000000000e+00 1.069176828410358385e-09
3.304642650631425568e+03 1.000000000000000000e+00 3.000000000000000000e+00 2.038411000541703733e-09
3.304642650631425568e+03 1.000000000000000000e+00 4.000000000000000000e+00 2.954229174350241552e-09
3.304642650631425568e+03 2.000000000000000000e+00 0.000000000000000000e+00 1.563457778793068506e-14
3.304642650631425568e+03 2.000000000000000000e+00 1.000000000000000000e+00 7.141747304763170513e-12
3.304642650631425568e+03 2.000000000000000000e+00 2.000000000000000000e+00 1.974665724340145616e-10
3.304642650631425568e+03 2.000000000000000000e+00 3.000000000000000000e+00 1.010566291558128245e-09
3.304642650631425568e+03 2.000000000000000000e+00 4.000000000000000000e+00 2.190407276146218847e-09
3.304642650631425568e+03 3.000000000000000000e+00 0.000000000000000000e+00 5.967675649570388678e-18
3.304642650631425568e+03 3.000000000000000000e+00 1.000000000000000000e+00 3.188555320317163994e-14
3.304642650631425568e+03 3.000000000000000000e+00 2.000000000000000000e+00 9.240085331080451392e-12
3.304642650631425568e+03 3.000000000000000000e+00 3.000000000000000000e+00 2.789623210922987524e-10
3.304642650631425568e+03 3.000000000000000000e+00 4.000000000000000000e+00 1.395086930336890151e-09
3.304642650631425568e+03 4.000000000000000000e+00 0.000000000000000000e+00 1.039616599571912175e-21
3.304642650631425568e+03 4.000000000000000000e+00 1.000000000000000000e+00 3.672826168806299613e-17
3.304642650631425568e+03 4.000000000000000000e+00 2.000000000000000000e+00 1.035768034665971019e-13
3.304642650631425568e+03 4.000000000000000000e+00 3.000000000000000000e+00 3.609914895870182202e-11
3.304642650631425568e+03 4.000000000000000000e+00 4.000000000000000000e+00 7.989695629640956257e-10
4.355334386179088142e+03 0.000000000000000000e+00 0.000000000000000000e+00 2.012311589488815464e-10
4.355334386179088142e+03 0.000000000000000000e+00 1.000000000000000000e+00 9.645833123310804274e-10
4.355334386179088142e+03 0.000000000000000000e+00 2.000000000000000000e+00 1.612524447531457412e-09
4.355334386179088142e+03 0.000000000000000000e+00 3.000000000000000000e+00 2.044922425139833181e-09
4.355334386179088142e+03 0.000000000000000000e+00 4.000000000000000000e+00 2.432425156939813884e-09
4.355334386179088142e+03 1.000000000000000000e+00 0.000000000000000000e+00 5.396323522945542041e-12
4.355334386179088142e+03 1.000000000000000000e+00 1.000000000000000000e+00 1.778065228914323318e-10
4.355334386179088142e+03 1.000000000000000000e+00 2.000000000000000000e+00 7.960307462497972172e-10
4.355334386179088142e+03 1.000000000000000000e+00 3.000000000000000000e+00 1.514252360556349464e-09
4.355334386179088142e+03 1.000000000000000000e+00 4.000000000000000000e+00 2.192496284656234410e-09
4.355334386179088142e+03 2.000000000000000000e+00 0.000000000000000000e+00 1.169111234703279313e-14
4.355334386179088142e+03 2.000000000000000000e+00 1.000000000000000000e+00 5.313111755018501108e-12
4.355334386179088142e+03 2.000000000000000000e+00 2.000000000000000000e+00 1.460405546356577117e-10
4.355334386179088142e+03 2.000000000000000000e+00 3.000000000000000000e+00 7.436015885729973762e-10
4.355334386179088142e+03 2.000000000000000000e+00 4.000000000000000000e+00 1.607926670669504377e-09
4.355334386179088142e+03 3.000000000000000000e+00 0.000000000000000000e+00 4.398586613928108799e-18
4.355334386179088142e+03 3.000000000000000000e+00 1.000000000000000000e+00 2.338308392803722473e-14
4.355334386179088142e+03 3.000000000000000000e+00 2.000000000000000000e+00 6.730481541093095970e-12
4.355334386179088142e+03 3.000000000000000000e+00 3.000000000000000000e+00 2.015305239149034259e-10
4.355334386179088142e+03 3.000000000000000000e+00 4.000000000000000000e+00 1.002450220088616412e-09
4.355334386179088142e+03 4.000000000000000000e+00 0.000000000000000000e+00 7.517147857670291978e-22
4.355334386179088142e+03 4.000000000000000000e+00 1.000000000000000000e+00 2.644907377935903999e-17
4.355334386179088142e+03 4.000000000000000000e+00 2.000000000000000000e+00 7.412958149266049965e-14
4.355334386179088142e+03 4.000000000000000000e+00 3.000000000000000000e+00 2.557732845721257988e-11
4.355334386179088142e+03 4.000000000000000000e+00 4.000000000000000000e+00 5.606481076893229470e-10
