1.000000000000000021e-02 7.231481676133861417e-12 0.000000000000000000e+00 0.000000000000000000e+00 0.000000000000000000e+00 0.000000000000000000e+00
1.749373433583959955e-02 9.933352106186714303e-11 0.000000000000000000e+00 0.000000000000000000e+00 0.000000000000000000e+00 0.000000000000000000e+00
2.498746867167919716e-02 9.427704753692749206e-10 0.000000000000000000e+00 0.000000000000000000e+00 0.000000000000000000e+00 0.000000000000000000e+00
3.248120300751879824e-02 7.018434463386870901e-09 0.000000000000000000e+00 0.000000000000000000e+00 0.000000000000000000e+00 0.000000000000000000e+00
3.997493734335839932e-02 4.345739022022105735e-08 0.000000000000000000e+00 0.000000000000000000e+00 0.000000000000000000e+00 0.000000000000000000e+00
4.746867167919800040e-02 2.312526319466797008e-07 0.000000000000000000e+00 0.000000000000000000e+00 0.000000000000000000e+00 0.000000000000000000e+00
5.496240601503759454e-02 1.079734571117055247e-06 0.000000000000000000e+00 0.000000000000000000e+00 0.000000000000000000e+00 0.000000000000000000e+00
6.245614035087719562e-02 4.487582639782186061e-06 0.000000000000000000e+00 0.000000000000000000e+00 0.000000000000000000e+00 0.000000000000000000e+00
6.994987468671678976e-02 1.678148080454715406e-05 0.000000000000000000e+00 0.000000000000000000e+00 0.000000000000000000e+00 0.000000000000000000e+00
7.744360902255638390e-02 5.986682502025871997e-05 0.000000000000000000e+00 0.000000000000000000e+00 0.000000000000000000e+00 0.000000000000000000e+00
8.493734335839599192e-02 1.960335502361129102e-04 0.000000000000000000e+00 0.000000000000000000e+00 0.000000000000000000e+00 0.000000000000000000e+00
9.243107769423558606e-02 5.761965966845406005e-04 0.000000000000000000e+00 0.000000000000000000e+00 0.000000000000000000e+00 0.000000000000000000e+00
9.992481203007518020e-02 1.540516156570694798e-03 0.000000000000000000e+00 0.000000000000000000e+00 0.000000000000000000e+00 0.000000000000000000e+00
1.074185463659147882e-01 3.782067415905732664e-03 0.000000000000000000e+00 0.000000000000000000e+00 0.000000000000000000e+00 0.000000000000000000e+00
1.149122807017543824e-01 8.588587289006343120e-03 2.418181757885689514e-17 0.000000000000000000e+00 0.000000000000000000e+00 0.000000000000000000e+00
1.224060150375939904e-01 1.814734849677289777e-02 1.901686975655949721e-16 0.000000000000000000e+00 0.000000000000000000e+00 0.000000000000000000e+00
1.298997493734335984e-01 3.585766938514434177e-02 1.681431752478707530e-15 0.000000000000000000e+00 0.000000000000000000e+00 0.000000000000000000e+00
1.373934837092732064e-01 6.654845695342231915e-02 1.463444015221733061e-14 0.000000000000000000e+00 0.000000000000000000e+00 0.000000000000000000e+00
1.448872180451127867e-01 1.164664126176126330e-01 1.156155069708442295e-13 0.000000000000000000e+00 0.000000000000000000e+00 0.000000000000000000e+00
1.523809523809523947e-01 1.929096138649273318e-01 8.282850364465849453e-13 0.000000000000000000e+00 0.000000000000000000e+00 0.000000000000000000e+00
1.598746867167920027e-01 3.034476157517657646e-01 5.402838343939181297e-12 0.000000000000000000e+00 0.000000000000000000e+00 0.000000000000000000e+00
1.673684210526315830e-01 4.547867845045030499e-01 3.222919875286347241e-11 0.000000000000000000e+00 0.000000000000000000e+00 0.000000000000000000e+00
1.748621553884711910e-01 6.514743761410750622e-01 1.764749694056862642e-10 0.000000000000000000e+00 0.000000000000000000e+00 0.000000000000000000e+00
1.823558897243107990e-01 8.947350247744720875e-01 8.900467835275591504e-10 0.000000000000000000e+00 0.000000000000000000e+00 0.000000000000000000e+00
1.898496240601503793e-01 1.183926664790963423e+00 4.768866068347106568e-09 0.000000000000000000e+00 0.000000000000000000e+00 0.000000000000000000e+00
1.973433583959899873e-01 1.508846171749587128e+00 2.251118640930635635e-08 0.000000000000000000e+00 0.000000000000000000e+00 0.000000000000000000e+00
2.048370927318295953e-01 1.858789494648807716e+00 9.555732447786639299e-08 0.000000000000000000e+00 0.000000000000000000e+00 0.000000000000000000e+00
2.123308270676692033e-01 2.221312917924618269e+00 3.698729946640553787e-07 0.000000000000000000e+00 0.000000000000000000e+00 0.000000000000000000e+00
2.198245614035087836e-01 2.583790582730888019e+00 1.317530105755988264e-06 0.000000000000000000e+00 0.000000000000000000e+00 0.000000000000000000e+00
2.273182957393483916e-01 2.934909580405774321e+00 4.347907094500997139e-06 0.000000000000000000e+00 0.000000000000000000e+00 0.000000000000000000e+00
2.348120300751879996e-01 3.265779212773335605e+00 1.336135308954740528e-05 0.000000000000000000e+00 0.000000000000000000e+00 0.000000000000000000e+00
2.423057644110275799e-01 3.570504782261263443e+00 3.839670905334128571e-05 0.000000000000000000e+00 0.000000000000000000e+00 0.000000000000000000e+00
2.497994987468671879e-01 3.846216219444841489e+00 1.035509373382248157e-04 0.000000000000000000e+00 0.000000000000000000e+00 0.000000000000000000e+00
2.572932330827067959e-01 4.092653641560914934e+00 2.628914404304854451e-04 0.000000000000000000e+00 0.000000000000000000e+00 0.000000000000000000e+00
2.647869674185464040e-01 4.311471293687008099e+00 6.300322759435366717e-04 0.000000000000000000e+00 0.000000000000000000e+00 0.000000000000000000e+00
2.722807017543860120e-01 4.505426039082148115e+00 1.428912393817193330e-03 0.000000000000000000e+00 0.000000000000000000e+00 0.000000000000000000e+00
2.797744360902255645e-01 4.677581619674480606e+00 3.074063610658869967e-03 1.728470049223092164e-16 0.000000000000000000e+00 0.000000000000000000e+00
2.872681704260651725e-01 4.830608299920288395e+00 6.286742622603684431e-03 9.620928625271063429e-16 0.000000000000000000e+00 0.000000000000000000e+00
2.947619047619047805e-01 4.965840364955047548e+00 1.234737846933811611e-02 7.759487596280936395e-15 0.000000000000000000e+00 0.000000000000000000e+00
3.022556390977443885e-01 5.083180299973294680e+00 2.335432528925039664e-02 5.708215172867313333e-14 0.000000000000000000e+00 0.000000000000000000e+00
3.097493734335839966e-01 5.181602918916543565e+00 4.196929759776731050e-02 3.689365155748839813e-13 0.000000000000000000e+00 0.000000000000000000e+00
3.172431077694236046e-01 5.257581944413217023e+00 7.190572521070606737e-02 2.136480203393522109e-12 0.000000000000000000e+00 0.000000000000000000e+00
3.247368421052631571e-01 5.305867029576817551e+00 1.177999599943889975e-01 1.127004759774418502e-11 0.000000000000000000e+00 0.000000000000000000e+00
3.322305764411027651e-01 5.319849729298224084e+00 1.850169527759521759e-01 5.471186196767625656e-11 0.000000000000000000e+00 0.000000000000000000e+00
3.397243107769423731e-01 5.292207685807207795e+00 2.792497624778999543e-01 2.461777422319175834e-10 0.000000000000000000e+00 0.000000000000000000e+00
3.472180451127819811e-01 5.215803329778227138e+00 4.059235866296378448e-01 1.032111441076372360e-09 0.000000000000000000e+00 0.000000000000000000e+00
3.547117794486215892e-01 5.084749816142558387e+00 5.694657142538841477e-01 4.048787877089843879e-09 0.000000000000000000e+00 0.000000000000000000e+00
3.622055137844611972e-01 4.895495975701979141e+00 7.725497689410875113e-01 1.491196077768083292e-08 0.000000000000000000e+00 0.000000000000000000e+00
3.696992481203007497e-01 4.647745005580278033e+00 1.015450805651592070e+00 5.171613218887932805e-08 0.000000000000000000e+00 0.000000000000000000e+00
3.771929824561403577e-01 4.345024830178858544e+00 1.295645826684056257e+00 1.693209133417687018e-07 0.000000000000000000e+00 0.000000000000000000e+00
3.846867167919799657e-01 3.994776622812596489e+00 1.607758812499406220e+00 5.245440761233264350e-07 0.000000000000000000e+00 0.000000000000000000e+00
3.921804511278195737e-01 3.607912989334755238e+00 1.943887175800755873e+00 1.540787746334585794e-06 0.000000000000000000e+00 0.000000000000000000e+00
3.996741854636591817e-01 3.197898227690739947e+00 2.294272736290004389e+00 4.299558610536733314e-06 0.000000000000000000e+00 0.000000000000000000e+00
4.071679197994987898e-01 2.779783076601289427e+00 2.647891818130491792e+00 1.188307596332657095e-05 0.000000000000000000e+00 0.000000000000000000e+00
4.146616541353383978e-01 2.369362365331234344e+00 2.993363689243977888e+00 3.130357671318131517e-05 0.000000000000000000e+00 0.000000000000000000e+00
4.221553884711779503e-01 1.979653222788291700e+00 3.321284233046943868e+00 7.778155307900477442e-05 0.000000000000000000e+00 0.000000000000000000e+00
4.296491228070175583e-01 1.620994445204452461e+00 3.624140210981992016e+00 1.831516615887593305e-04 0.000000000000000000e+00 0.000000000000000000e+00
4.371428571428571663e-01 1.300615749874438842e+00 3.896647737874848083e+00 4.101835828281454998e-04 1.045239397692411887e-16 0.000000000000000000e+00
4.446365914786967743e-01 1.022508375634961553e+00 4.135822648140334401e+00 8.763234516533081019e-04 9.607263964842189082e-16 0.000000000000000000e+00
4.521303258145363824e-01 7.876593182524445069e-01 4.340773852229312446e+00 1.790408896695786260e-03 5.570036850794459312e-15 0.000000000000000000e+00
4.596240601503759904e-01 5.945501864295205108e-01 4.512288261676294709e+00 3.505745331980511872e-03 2.950562311994872822e-14 0.000000000000000000e+00
4.671177944862155429e-01 4.398026721365633773e-01 4.652291102578131721e+00 6.591462166614537460e-03 1.465995472482022862e-13 0.000000000000000000e+00
4.746115288220551509e-01 3.188582119745081989e-01 4.763264499521474349e+00 1.192091763878061310e-02 6.857382866898704811e-13 0.000000000000000000e+00
4.821052631578947589e-01 2.266023782969346367e-01 4.847695468172496192e+00 2.077094023712917209e-02 3.025467713449446555e-12 0.000000000000000000e+00
4.895989974937343669e-01 1.578759648524961368e-01 4.907607981780957473e+00 3.491928404223895721e-02 1.261953779274062468e-11 0.000000000000000000e+00
4.970927318295739750e-01 1.078465090507900875e-01 4.944217356813504161e+00 5.672095452130713339e-02 4.987395743178904347e-11 0.000000000000000000e+00
5.045864661654135830e-01 7.224037418507693598e-02 4.957731221456743498e+00 8.913883482494025512e-02 1.871082933772504823e-10 0.000000000000000000e+00
5.120802005012531355e-01 4.750826658413546955e-02 4.947128072881329608e+00 1.358314098673038539e-01 6.756947942144860555e-10 0.000000000000000000e+00
5.195739348370927990e-01 3.094848264097897761e-02 4.909297930242841446e+00 2.018670758251976394e-01 2.501084295934228139e-09 0.000000000000000000e+00
5.270676691729323515e-01 1.982323368346089118e-02 4.843040644807227402e+00 2.906151675910415011e-01 8.611560489813879708e-09 0.000000000000000000e+00
5.345614035087720151e-01 1.248828991159285466e-02 4.745717764547147333e+00 4.059851616994976098e-01 2.783299197947506084e-08 0.000000000000000000e+00
5.420551378446115676e-01 7.740115600011859311e-03 4.615021217941265519e+00 5.512305336593458227e-01 8.496509208503444128e-08 0.000000000000000000e+00
5.495488721804511201e-01 4.720885818389248915e-03 4.449476359215927879e+00 7.285107479163197564e-01 2.460780584889708258e-07 0.000000000000000000e+00
5.570426065162907836e-01 2.834249750033751743e-03 4.248890314132935053e+00 9.385005339350821485e-01 6.785095282914947295e-07 0.000000000000000000e+00
5.645363408521303361e-01 1.675282742071243806e-03 4.014681569072224399e+00 1.180108518509566329e+00 1.786052910236022981e-06 0.000000000000000000e+00
5.720300751879699996e-01 9.751204638434890102e-04 3.750039632479500007e+00 1.450356411448275651e+00 4.498740226344090864e-06 0.000000000000000000e+00
5.795238095238095521e-01 5.590094987016699804e-04 3.459886028448435180e+00 1.744448543378753103e+00 1.086438104833043134e-05 0.000000000000000000e+00
5.870175438596491047e-01 3.156637322286431056e-04 3.150636235658003770e+00 2.056033474745423639e+00 2.519939010706561232e-05 0.000000000000000000e+00
5.945112781954887682e-01 1.755935615826783474e-04 2.829791238611897963e+00 2.377630104573747793e+00 5.622370067383239059e-05 0.000000000000000000e+00
6.020050125313283207e-01 9.622338338322230773e-05 2.505411591397493698e+00 2.701165952579920759e+00 1.208382402657571570e-04 3.697217054683256758e-16
6.094987468671679842e-01 5.194229895482156277e-05 2.185541855178489534e+00 3.018559702592833016e+00 2.504994702602748413e-04 2.444958241933498192e-15
6.169924812030075367e-01 2.761685864203023688e-05 1.877656605394019351e+00 3.322276171674279688e+00 5.014743391393442287e-04 1.169678271489966421e-14
6.244862155388472003e-01 1.463833025507441634e-05 1.588895232057655482e+00 3.605028085860278342e+00 9.819735635180489811e-04 5.472924237267235133e-14
6.319799498746867528e-01 7.758615796386968534e-06 1.324620459041772058e+00 3.861299249464525740e+00 1.874300767619530191e-03 2.508281569651953305e-13
6.394736842105263053e-01 4.065432356031985789e-06 1.087495396510697931e+00 4.088261734915642265e+00 3.447907827134580501e-03 1.061452683309845746e-12
6.469674185463659688e-01 2.106376975883210443e-06 8.791856616419513326e-01 4.283919662708722598e+00 6.125660001182489656e-03 4.208814705129101412e-12
6.544611528822055213e-01 1.079292376090166937e-06 6.999168022314385951e-01 4.447561031402275766e+00 1.052934287828397736e-02 1.574466621643188554e-11
6.619548872180451848e-01 5.469794430795828576e-07 5.487000522697356164e-01 4.579481073523272272e+00 1.753773114976573885e-02 5.584521638092056638e-11
6.694486215538847373e-01 2.742040794510995525e-07 4.236117678040148826e-01 4.680651495555792074e+00 2.834450431766482800e-02 1.885130237248936008e-10
6.769423558897244009e-01 1.359799551198064572e-07 3.220889861599082749e-01 4.752380874479858797e+00 4.450731757454839954e-02 6.074103938966810385e-10
6.844360902255639534e-01 6.670885303114786460e-08 2.412098965253526017e-01 4.796007098145937064e+00 6.797693210384883611e-02 1.872619761805037817e-09
6.919298245614035059e-01 3.237341064543665713e-08 1.779368985900982580e-01 4.812654789655876009e+00 1.010940901258182145e-01 5.534981086375556301e-09
6.994235588972431694e-01 1.554009994432641793e-08 1.293094381469159782e-01 4.803080484530918959e+00 1.465424932136140945e-01 1.571206450057114279e-08
7.069172932330827219e-01 7.377568441175594743e-09 9.258243348004897844e-02 4.767617040200313738e+00 2.072493003800324196e-01 4.290045821134428991e-08
7.144110275689223855e-01 3.463083384044571322e-09 6.531289057274609899e-02 4.706217238116999546e+00 2.862300914121838624e-01 1.128219950092462227e-07
7.219047619047619380e-01 1.606763063609379985e-09 4.540185271902037051e-02 4.618585568920348550e+00 3.863827901306574608e-01 2.861317290239068767e-07
7.293984962406014905e-01 7.364916505948516512e-10 3.110120008767035607e-02 4.504377557973040069e+00 5.102436078619054793e-01 7.006035622937524198e-07
7.368922305764411540e-01 3.446987358102089951e-10 2.115680077961300601e-02 4.362047761975689220e+00 6.611286520205490458e-01 1.720266836086229696e-06
7.443859649122807065e-01 1.608249813370430574e-10 1.422209534632352945e-02 4.193167320447769519e+00 8.388732888392235187e-01 4.068135745266545626e-06
7.518796992481203700e-01 7.447061183020102343e-11 9.439849671394176522e-03 3.999005300871901092e+00 1.043044705147985862e+00 9.241045863551509236e-06
7.593734335839599225e-01 3.422614234334289440e-11 6.187752141482604634e-03 3.781463170368234206e+00 1.272171698883130864e+00 2.021801886414985119e-05
7.668671679197995861e-01 1.561277925405655674e-11 4.006279231443754529e-03 3.543338468685981901e+00 1.523525396034651314e+00 4.269590951834861228e-05
7.743609022556391386e-01 7.069042649909916732e-12 2.562471288434993097e-03 3.288292968172737307e+00 1.793198567981645342e+00 8.718544187222885633e-05
7.818546365914786911e-01 3.176722680548006742e-12 1.619381862851671655e-03 3.020730197441420462e+00 2.076284433686842235e+00 1.724158179533673730e-04
7.893483709273183546e-01 1.416781438044710519e-12 1.011271950128068888e-03 2.745595683607991777e+00 2.367138594225914883e+00 3.306481524055315639e-04
7.968421052631579071e-01 6.271429145612214564e-13 6.241124705827138727e-04 2.468122199010196027e+00 2.659697674877781637e+00 6.156398371573064410e-04
8.043358395989975707e-01 2.754181308135409906e-13 3.806906650093238556e-04 2.193547871655980863e+00 2.947821897688788439e+00 1.114100650025499385e-03
8.118295739348371232e-01 1.198753526028440392e-13 2.295214022860100325e-04 1.926836635852520407e+00 3.225627004187944902e+00 1.961484503751540799e-03
8.193233082706767867e-01 5.168941679204094515e-14 1.367822590114093045e-04 1.672428223354564869e+00 3.487773740469292783e+00 3.362804672431801267e-03
8.268170426065163392e-01 2.218486077852220991e-14 8.057317390701120366e-05 1.434039390502113154e+00 3.729689826157314148e+00 5.618780701410874129e-03
8.343107769423558917e-01 9.506584190984943312e-15 4.691213255965640162e-05 1.214530439547516494e+00 3.947708737422957359e+00 9.156972819499748645e-03
8.418045112781955552e-01 4.070223583312082452e-15 2.711659930366701497e-05 1.016175189910197618e+00 4.138687751289478634e+00 1.460753183597211791e-02
8.492982456140351077e-01 1.613415388263858686e-15 1.572309599521139173e-05 8.406637848966668214e-01 4.299926705600824128e+00 2.291068323198099457e-02
8.567919799498747713e-01 6.232363917520202383e-16 9.032996788519627134e-06 6.871092280162556243e-01 4.431782911297699634e+00 3.503847986273407600e-02
8.642857142857143238e-01 2.607749807696132769e-16 5.142439911925942249e-06 5.548592302501007545e-01 4.534043041685814401e+00 5.231012465688553853e-02
8.717794486215539873e-01 0.000000000000000000e+00 2.901325371349806281e-06 4.426959676020186252e-01 4.606955044204794625e+00 7.631293822375186109e-02
8.792731829573935398e-01 0.000000000000000000e+00 1.622380288284314429e-06 3.489898379583856736e-01 4.651056943923889797e+00 1.088888266873413585e-01
8.867669172932330923e-01 0.000000000000000000e+00 8.992265726503158369e-07 2.718493771753551780e-01 4.667030627840139445e+00 1.520940346985087399e-01
8.942606516290727559e-01 0.000000000000000000e+00 4.940467972984241945e-07 2.092569482674543901e-01 4.655595593630872386e+00 2.081287448177329968e-01
9.017543859649123084e-01 0.000000000000000000e+00 2.690676541575097204e-07 1.591833049044094339e-01 4.617451300641948642e+00 2.792359422915474676e-01
9.092481203007519719e-01 0.000000000000000000e+00 1.452611358608438521e-07 1.196775165876750868e-01 4.553269969963746888e+00 3.675725605769605830e-01
9.167418546365915244e-01 0.000000000000000000e+00 7.773527543577043896e-08 8.893166672416186191e-02 4.463735193125486056e+00 4.750598374347012043e-01
9.242355889724310769e-01 0.000000000000000000e+00 4.123228838991166638e-08 6.532198618288406755e-02 4.349616195934133067e+00 6.032234930519592142e-01
9.317293233082707404e-01 0.000000000000000000e+00 2.167492147075740212e-08 4.742959286188740825e-02 4.211863606965970952e+00 7.530371933358195324e-01
9.392230576441102929e-01 0.000000000000000000e+00 1.129028259898256249e-08 3.404481140149729496e-02 4.051710465732564437e+00 9.247842447361528384e-01
9.467167919799499565e-01 0.000000000000000000e+00 5.826078638860585948e-09 2.415925878237306854e-02 3.870762128372354560e+00 1.117952206318256758e+00
9.542105263157895090e-01 0.000000000000000000e+00 3.028739917056606088e-09 1.702570027833443661e-02 3.670445830749242688e+00 1.331847805531255036e+00
9.617042606516291725e-01 0.000000000000000000e+00 1.579027124162978615e-09 1.190561332409646733e-02 3.453797886977729714e+00 1.563678490252148334e+00
9.691979949874687250e-01 0.000000000000000000e+00 8.179108985978187421e-10 8.242052632222079955e-03 3.224251215058940190e+00 1.809847834017896728e+00
9.766917293233082775e-01 0.000000000000000000e+00 4.209500883825787656e-10 5.649489131521895531e-03 2.985197894802622098e+00 2.066530911401843973e+00
9.841854636591479411e-01 0.000000000000000000e+00 2.152659344131753868e-10 3.834632439372907993e-03 2.740296265917810281e+00 2.329395333058891904e+00
9.916791979949874936e-01 0.000000000000000000e+00 1.093816001021193312e-10 2.577664533326929405e-03 2.493337631464056514e+00 2.593795264486468799e+00
9.991729323308271571e-01 0.000000000000000000e+00 5.522457689472779632e-11 1.716171410946008401e-03 2.248097444074046880e+00 2.854979281546813130e+00
1.006666666666666599e+00 0.000000000000000000e+00 2.770282582143429319e-11 1.131789570181701348e-03 2.008184256413422908e+00 3.108294719623433622e+00
1.014160401002506262e+00 0.000000000000000000e+00 1.380674003799284396e-11 7.393934199210357421e-04 1.776899224618189166e+00 3.349372357102016196e+00
1.021654135338345926e+00 0.000000000000000000e+00 6.835761695952642540e-12 4.785404710527387082e-04 1.557117103267265046e+00 3.574278186588172090e+00
1.029147869674185589e+00 0.000000000000000000e+00 3.361668703293196062e-12 3.068432897493289166e-04 1.351196819915094327e+00 3.779623220579687359e+00
1.036641604010025031e+00 0.000000000000000000e+00 1.641763704047955527e-12 1.949321285057025084e-04 1.160926308961629072e+00 3.962627170899480689e+00
1.044135338345864694e+00 0.000000000000000000e+00 7.960785725295696273e-13 1.226942138491698595e-04 9.875027759969582375e-01 4.121136807980554373e+00
1.051629072681704358e+00 0.000000000000000000e+00 3.832031542941793310e-13 7.651263544966669717e-05 8.315463630263330019e-01 4.253604263503088845e+00
1.059122807017544021e+00 0.000000000000000000e+00 1.829221359907402484e-13 4.727685687640446617e-05 6.931524313279644467e-01 4.359018205759571885e+00
1.066616541353383463e+00 0.000000000000000000e+00 8.975722822818842473e-14 2.935356619529243805e-05 5.729030524680025493e-01 4.435228656830103589e+00
1.074110275689223126e+00 0.000000000000000000e+00 4.380576672028469996e-14 1.808717645959226372e-05 4.689258898811888843e-01 4.483787524947278946e+00
1.081604010025062790e+00 0.000000000000000000e+00 2.121880431062484015e-14 1.106154911394284641e-05 3.801106359228033638e-01 4.504931946478502702e+00
1.089097744360902231e+00 0.000000000000000000e+00 1.025973866940169159e-14 6.714750952592799843e-06 3.051508433098190642e-01 4.499137323776492892e+00
1.096591478696741895e+00 0.000000000000000000e+00 4.966754881513707725e-15 4.046146418953479293e-06 2.426258207872898365e-01 4.467072014301890270e+00
1.104085213032581558e+00 0.000000000000000000e+00 2.374735982248917744e-15 2.420331699097156205e-06 1.910728014465226665e-01 4.409573180852840224e+00
1.111578947368421222e+00 0.000000000000000000e+00 1.073754056895503189e-15 1.437301935357206411e-06 1.490470206599769643e-01 4.327642807385040591e+00
1.119072681704260663e+00 0.000000000000000000e+00 5.069653838145569993e-16 8.473694419438163420e-07 1.151686871203056600e-01 4.222460087413318242e+00
1.126566416040100327e+00 0.000000000000000000e+00 2.387946151667384119e-16 4.959682170198983963e-07 8.815696215299097249e-02 4.095404303435528526e+00
1.134060150375939990e+00 0.000000000000000000e+00 1.702676638835890144e-16 2.881956693203858835e-07 6.685192508858808780e-02 3.948081123880619270e+00
1.141553884711779432e+00 0.000000000000000000e+00 4.191755162998851929e-17 1.662494863930443687e-07 5.022608272739929880e-02 3.782345020727107876e+00
1.149047619047619095e+00 0.000000000000000000e+00 0.000000000000000000e+00 9.520240878096507099e-08 3.738729736089079631e-02 3.600311211994291494e+00
1.156541353383458759e+00 0.000000000000000000e+00 0.000000000000000000e+00 5.411437266444133392e-08 2.757510034965894238e-02 3.404352011109997189e+00
1.164035087719298200e+00 0.000000000000000000e+00 0.000000000000000000e+00 3.052818253698774578e-08 2.015227802488625194e-02 3.197074492496346121e+00
1.171528822055137864e+00 0.000000000000000000e+00 0.000000000000000000e+00 1.722297014773731131e-08 1.462663084726861275e-02 2.981150690260737868e+00
1.179022556390977527e+00 0.000000000000000000e+00 0.000000000000000000e+00 9.774536235446443766e-09 1.056395624738508225e-02 2.759675760478459861e+00
1.186516290726817191e+00 0.000000000000000000e+00 0.000000000000000000e+00 5.516487951148122980e-09 7.567739705408067438e-03 2.535944202337582887e+00
1.194010025062656632e+00 0.000000000000000000e+00 0.000000000000000000e+00 3.096158612842772851e-09 5.377754950120996850e-03 2.312904048665996193e+00
1.201503759398496296e+00 0.000000000000000000e+00 0.000000000000000000e+00 1.728178764710773095e-09 3.791116364590681187e-03 2.093374457236806041e+00
1.208997493734335960e+00 0.000000000000000000e+00 0.000000000000000000e+00 9.593228593824855540e-10 2.651541159044371303e-03 1.879963584951557021e+00
1.216491228070175401e+00 0.000000000000000000e+00 0.000000000000000000e+00 5.296041506908189484e-10 1.840035237846592312e-03 1.674996384456352239e+00
1.223984962406015065e+00 0.000000000000000000e+00 0.000000000000000000e+00 2.907645891782524255e-10 1.267006684942968871e-03 1.480456774321958768e+00
1.231478696741854728e+00 0.000000000000000000e+00 0.000000000000000000e+00 1.587525647342242021e-10 8.657288670628508417e-04 1.297947229831662996e+00
1.238972431077694392e+00 0.000000000000000000e+00 0.000000000000000000e+00 8.619177555599503103e-11 5.870250548969652539e-04 1.128667287299450095e+00
1.246466165413533833e+00 0.000000000000000000e+00 0.000000000000000000e+00 4.653102752660647288e-11 3.950212194470461582e-04 9.734109223479909812e-01
1.253959899749373497e+00 0.000000000000000000e+00 0.000000000000000000e+00 2.497498403378242473e-11 2.638066604526381645e-04 8.325813982557457305e-01
1.261453634085213160e+00 0.000000000000000000e+00 0.000000000000000000e+00 1.332586451031421008e-11 1.748475792207461021e-04 7.062210927144053629e-01
1.268947368421052602e+00 0.000000000000000000e+00 0.000000000000000000e+00 7.066903367819621168e-12 1.150118786838351522e-04 5.940530639491747866e-01
1.276441102756892265e+00 0.000000000000000000e+00 0.000000000000000000e+00 3.724017155055330560e-12 7.508070369807059150e-05 4.955307294414750818e-01
1.283934837092731929e+00 0.000000000000000000e+00 0.000000000000000000e+00 1.987701070136805974e-12 4.905650315038970557e-05 4.104430091562684124e-01
1.291428571428571592e+00 0.000000000000000000e+00 0.000000000000000000e+00 1.062579339548806141e-12 3.192725076255957620e-05 3.373808501162463558e-01
1.298922305764411034e+00 0.000000000000000000e+00 0.000000000000000000e+00 5.657590099415238424e-13 2.064848297642486816e-05 2.751243949203401318e-01
1.306416040100250697e+00 0.000000000000000000e+00 0.000000000000000000e+00 2.999475951557280436e-13 1.327093505858723543e-05 2.225843405443528045e-01
1.313909774436090361e+00 0.000000000000000000e+00 0.000000000000000000e+00 1.583750837231374429e-13 8.476638122160413095e-06 1.786628205510419065e-01
1.321403508771929802e+00 0.000000000000000000e+00 0.000000000000000000e+00 8.330666845686726052e-14 5.381125697858535197e-06 1.422873073787389031e-01
1.328897243107769466e+00 0.000000000000000000e+00 0.000000000000000000e+00 4.364757670474846909e-14 3.395196436054342144e-06 1.124370743862431327e-01
1.336390977443609129e+00 0.000000000000000000e+00 0.000000000000000000e+00 2.277902755615417701e-14 2.129166867491984758e-06 8.816244041140093579e-02
1.343884711779448793e+00 0.000000000000000000e+00 0.000000000000000000e+00 1.180086810026513373e-14 1.327130437507774173e-06 6.859738323240899271e-02
1.351378446115288234e+00 0.000000000000000000e+00 0.000000000000000000e+00 6.089487459588777003e-15 8.222000141208090154e-07 5.296635368982067354e-02
1.358872180451127898e+00 0.000000000000000000e+00 0.000000000000000000e+00 3.152868872471126606e-15 5.062863108518921876e-07 4.058625806708639899e-02
1.366365914786967561e+00 0.000000000000000000e+00 0.000000000000000000e+00 1.622307018937132669e-15 3.098544716091470835e-07 3.086461844476786481e-02
1.373859649122807003e+00 0.000000000000000000e+00 0.000000000000000000e+00 7.753994377915249678e-16 1.884700677476275671e-07 2.329488878480436009e-02
1.381353383458646666e+00 0.000000000000000000e+00 0.000000000000000000e+00 4.653270148165483801e-16 1.139255202293808794e-07 1.744981918190368839e-02
1.388847117794486330e+00 0.000000000000000000e+00 0.000000000000000000e+00 2.218133128000337734e-16 6.858289094046298166e-08 1.298290996090535436e-02
1.396340852130325993e+00 0.000000000000000000e+00 0.000000000000000000e+00 1.099324040270996125e-16 4.159936512273804001e-08 9.631600059398547423e-03
1.403834586466165435e+00 0.000000000000000000e+00 0.000000000000000000e+00 9.269597877063446080e-17 2.511060618867393785e-08 7.097245289659175407e-03
1.411328320802005098e+00 0.000000000000000000e+00 0.000000000000000000e+00 0.000000000000000000e+00 1.508481846783008485e-08 5.194862662504462492e-03
1.418822055137844762e+00 0.000000000000000000e+00 0.000000000000000000e+00 0.000000000000000000e+00 9.018721682095962032e-09 3.777267892028502664e-03
1.426315789473684204e+00 0.000000000000000000e+00 0.000000000000000000e+00 0.000000000000000000e+00 5.366337132415863836e-09 2.728512993444833119e-03
1.433809523809523867e+00 0.000000000000000000e+00 0.000000000000000000e+00 0.000000000000000000e+00 3.177906656519588200e-09 1.958132702087631970e-03
1.441303258145363531e+00 0.000000000000000000e+00 0.000000000000000000e+00 0.000000000000000000e+00 1.872976165673763483e-09 1.396199393300825162e-03
1.448796992481202972e+00 0.000000000000000000e+00 0.000000000000000000e+00 0.000000000000000000e+00 1.098611267093418503e-09 9.891477522925473838e-04
1.456290726817042636e+00 0.000000000000000000e+00 0.000000000000000000e+00 0.000000000000000000e+00 6.413035424507490049e-10 6.963057400583140370e-04
1.463784461152882299e+00 0.000000000000000000e+00 0.000000000000000000e+00 0.000000000000000000e+00 3.725389029464492387e-10 4.870547157362048983e-04
1.471278195488721963e+00 0.000000000000000000e+00 0.000000000000000000e+00 0.000000000000000000e+00 2.153481652742683068e-10 3.385362921923679700e-04
1.478771929824561404e+00 0.000000000000000000e+00 0.000000000000000000e+00 0.000000000000000000e+00 1.238616017284244104e-10 2.338242692238886688e-04
1.486265664160401068e+00 0.000000000000000000e+00 0.000000000000000000e+00 0.000000000000000000e+00 7.087821257894079651e-11 1.604848111703405234e-04
1.493759398496240731e+00 0.000000000000000000e+00 0.000000000000000000e+00 0.000000000000000000e+00 4.034706345294839271e-11 1.094553023622606510e-04
1.501253132832080173e+00 0.000000000000000000e+00 0.000000000000000000e+00 0.000000000000000000e+00 2.307586535381732750e-11 7.452490993534670967e-05
1.508746867167919836e+00 0.000000000000000000e+00 0.000000000000000000e+00 0.000000000000000000e+00 1.326537311804225130e-11 5.067018279418799713e-05
1.516240601503759500e+00 0.000000000000000000e+00 0.000000000000000000e+00 0.000000000000000000e+00 7.597840242229383343e-12 3.426690979564044981e-05
1.523734335839599163e+00 0.000000000000000000e+00 0.000000000000000000e+00 0.000000000000000000e+00 4.335809310503978737e-12 2.305091017165238263e-05
1.531228070175438605e+00 0.000000000000000000e+00 0.000000000000000000e+00 0.000000000000000000e+00 2.465176566211869438e-12 1.542442445381360538e-05
1.538721804511278268e+00 0.000000000000000000e+00 0.000000000000000000e+00 0.000000000000000000e+00 1.396486790328972037e-12 1.026720834687791251e-05
1.546215538847117932e+00 0.000000000000000000e+00 0.000000000000000000e+00 0.000000000000000000e+00 7.881450846375475695e-13 6.798772616187540511e-06
1.553709273182957373e+00 0.000000000000000000e+00 0.000000000000000000e+00 0.000000000000000000e+00 4.431306814965414143e-13 4.478708491341183587e-06
1.561203007518797037e+00 0.000000000000000000e+00 0.000000000000000000e+00 0.000000000000000000e+00 2.481816113461092791e-13 2.935117546716559783e-06
1.568696741854636700e+00 0.000000000000000000e+00 0.000000000000000000e+00 0.000000000000000000e+00 1.385079312241773133e-13 1.913601185661916166e-06
1.576190476190476364e+00 0.000000000000000000e+00 0.000000000000000000e+00 0.000000000000000000e+00 7.697159304545258401e-14 1.241164947982720720e-06
1.583684210526315805e+00 0.000000000000000000e+00 0.000000000000000000e+00 0.000000000000000000e+00 4.262033857495811672e-14 8.008556061936750709e-07
1.591177944862155469e+00 0.000000000000000000e+00 0.000000000000000000e+00 0.000000000000000000e+00 2.352164948403069427e-14 5.140615265055717999e-07
1.598671679197995132e+00 0.000000000000000000e+00 0.000000000000000000e+00 0.000000000000000000e+00 1.285230340709702065e-14 3.282433649626256344e-07
1.606165413533834574e+00 0.000000000000000000e+00 0.000000000000000000e+00 0.000000000000000000e+00 7.077269790679721172e-15 2.084846212256001105e-07
1.613659147869674237e+00 0.000000000000000000e+00 0.000000000000000000e+00 0.000000000000000000e+00 3.921975008498878943e-15 1.332152654958381853e-07
1.621152882205513901e+00 0.000000000000000000e+00 0.000000000000000000e+00 0.000000000000000000e+00 2.159236928767318572e-15 8.486148294519057565e-08
1.628646616541353565e+00 0.000000000000000000e+00 0.000000000000000000e+00 0.000000000000000000e+00 1.215879335417415956e-15 5.383230296221300908e-08
1.636140350877193006e+00 0.000000000000000000e+00 0.000000000000000000e+00 0.000000000000000000e+00 6.504608850642594864e-16 3.400629795931763217e-08
1.643634085213032670e+00 0.000000000000000000e+00 0.000000000000000000e+00 0.000000000000000000e+00 3.497102500031317000e-16 2.139270325361333064e-08
1.651127819548872333e+00 0.000000000000000000e+00 0.000000000000000000e+00 0.000000000000000000e+00 2.065350984200812802e-16 1.340185856402042211e-08
1.658621553884711775e+00 0.000000000000000000e+00 0.000000000000000000e+00 0.000000000000000000e+00 1.198344461836739850e-16 8.360987465552604907e-09
1.666115288220551438e+00 0.000000000000000000e+00 0.000000000000000000e+00 0.000000000000000000e+00 7.706428140402333620e-17 5.194455806397860475e-09
1.673609022556391102e+00 0.000000000000000000e+00 0.000000000000000000e+00 0.000000000000000000e+00 2.994758862529301752e-17 3.213701144262160074e-09
1.681102756892230765e+00 0.000000000000000000e+00 0.000000000000000000e+00 0.000000000000000000e+00 0.000000000000000000e+00 1.979897106943017051e-09
1.688596491228070207e+00 0.000000000000000000e+00 0.000000000000000000e+00 0.000000000000000000e+00 0.000000000000000000e+00 1.214605919241094078e-09
1.696090225563909870e+00 0.000000000000000000e+00 0.000000000000000000e+00 0.000000000000000000e+00 0.000000000000000000e+00 7.419287864397195468e-10
1.703583959899749534e+00 0.000000000000000000e+00 0.000000000000000000e+00 0.000000000000000000e+00 0.000000000000000000e+00 4.512271307860161112e-10
1.711077694235588975e+00 0.000000000000000000e+00 0.000000000000000000e+00 0.000000000000000000e+00 0.000000000000000000e+00 2.732115705119374743e-10
1.718571428571428639e+00 0.000000000000000000e+00 0.000000000000000000e+00 0.000000000000000000e+00 0.000000000000000000e+00 1.653782350334618055e-10
1.726065162907268302e+00 0.000000000000000000e+00 0.000000000000000000e+00 0.000000000000000000e+00 0.000000000000000000e+00 1.008231764791529181e-10
1.733558897243107966e+00 0.000000000000000000e+00 0.000000000000000000e+00 0.000000000000000000e+00 0.000000000000000000e+00 6.126491851372806653e-11
1.741052631578947407e+00 0.000000000000000000e+00 0.000000000000000000e+00 0.000000000000000000e+00 0.000000000000000000e+00 3.710515435011398711e-11
1.748546365914787071e+00 0.000000000000000000e+00 0.000000000000000000e+00 0.000000000000000000e+00 0.000000000000000000e+00 2.239885573010064375e-11
1.756040100250626734e+00 0.000000000000000000e+00 0.000000000000000000e+00 0.000000000000000000e+00 0.000000000000000000e+00 1.347668889121510902e-11
1.763533834586466176e+00 0.000000000000000000e+00 0.000000000000000000e+00 0.000000000000000000e+00 0.000000000000000000e+00 8.081663120631747138e-12
1.771027568922305839e+00 0.000000000000000000e+00 0.000000000000000000e+00 0.000000000000000000e+00 0.000000000000000000e+00 4.830199013024787122e-12
1.778521303258145503e+00 0.000000000000000000e+00 0.000000000000000000e+00 0.000000000000000000e+00 0.000000000000000000e+00 2.877148829630298012e-12
1.786015037593984944e+00 0.000000000000000000e+00 0.000000000000000000e+00 0.000000000000000000e+00 0.000000000000000000e+00 1.707951404752957593e-12
1.793508771929824608e+00 0.000000000000000000e+00 0.000000000000000000e+00 0.000000000000000000e+00 0.000000000000000000e+00 1.010404365530246231e-12
1.801002506265664271e+00 0.000000000000000000e+00 0.000000000000000000e+00 0.000000000000000000e+00 0.000000000000000000e+00 5.956353055701214441e-13
1.808496240601503935e+00 0.000000000000000000e+00 0.000000000000000000e+00 0.000000000000000000e+00 0.000000000000000000e+00 3.498177724621758481e-13
1.815989974937343376e+00 0.000000000000000000e+00 0.000000000000000000e+00 0.000000000000000000e+00 0.000000000000000000e+00 2.046986543047786737e-13
1.823483709273183040e+00 0.000000000000000000e+00 0.000000000000000000e+00 0.000000000000000000e+00 0.000000000000000000e+00 1.192975116875245973e-13
1.830977443609022703e+00 0.000000000000000000e+00 0.000000000000000000e+00 0.000000000000000000e+00 0.000000000000000000e+00 7.010116255862897681e-14
1.838471177944862145e+00 0.000000000000000000e+00 0.000000000000000000e+00 0.000000000000000000e+00 0.000000000000000000e+00 4.133552371340749112e-14
1.845964912280701808e+00 0.000000000000000000e+00 0.000000000000000000e+00 0.000000000000000000e+00 0.000000000000000000e+00 2.427326213922554993e-14
1.853458646616541472e+00 0.000000000000000000e+00 0.000000000000000000e+00 0.000000000000000000e+00 0.000000000000000000e+00 1.425312600072530836e-14
1.860952380952381136e+00 0.000000000000000000e+00 0.000000000000000000e+00 0.000000000000000000e+00 0.000000000000000000e+00 8.307073581941681381e-15
1.868446115288220577e+00 0.000000000000000000e+00 0.000000000000000000e+00 0.000000000000000000e+00 0.000000000000000000e+00 4.850526634853886559e-15
1.875939849624060241e+00 0.000000000000000000e+00 0.000000000000000000e+00 0.000000000000000000e+00 0.000000000000000000e+00 2.808272364630433795e-15
1.883433583959899904e+00 0.000000000000000000e+00 0.000000000000000000e+00 0.000000000000000000e+00 0.000000000000000000e+00 1.635890190259101373e-15
1.890927318295739346e+00 0.000000000000000000e+00 0.000000000000000000e+00 0.000000000000000000e+00 0.000000000000000000e+00 9.555917763813458226e-16
1.898421052631579009e+00 0.000000000000000000e+00 0.000000000000000000e+00 0.000000000000000000e+00 0.000000000000000000e+00 5.358315978833269200e-16
1.905914786967418673e+00 0.000000000000000000e+00 0.000000000000000000e+00 0.000000000000000000e+00 0.000000000000000000e+00 2.917559765042202052e-16
1.913408521303258336e+00 0.000000000000000000e+00 0.000000000000000000e+00 0.000000000000000000e+00 0.000000000000000000e+00 1.908078094800069152e-16
1.920902255639097778e+00 0.000000000000000000e+00 0.000000000000000000e+00 0.000000000000000000e+00 0.000000000000000000e+00 1.251164649649522612e-16
1.928395989974937441e+00 0.000000000000000000e+00 0.000000000000000000e+00 0.000000000000000000e+00 0.000000000000000000e+00 6.147942929003736994e-17
1.935889724310777105e+00 0.000000000000000000e+00 0.000000000000000000e+00 0.000000000000000000e+00 0.000000000000000000e+00 5.655813920892250967e-17
1.943383458646616546e+00 0.000000000000000000e+00 0.000000000000000000e+00 0.000000000000000000e+00 0.000000000000000000e+00 0.000000000000000000e+00
1.950877192982456210e+00 0.000000000000000000e+00 0.000000000000000000e+00 0.000000000000000000e+00 0.000000000000000000e+00 0.000000000000000000e+00
1.958370927318295873e+00 0.000000000000000000e+00 0.000000000000000000e+00 0.000000000000000000e+00 0.000000000000000000e+00 0.000000000000000000e+00
1.965864661654135537e+00 0.000000000000000000e+00 0.000000000000000000e+00 0.000000000000000000e+00 0.000000000000000000e+00 0.000000000000000000e+00
1.973358395989974978e+00 0.000000000000000000e+00 0.000000000000000000e+00 0.000000000000000000e+00 0.000000000000000000e+00 0.000000000000000000e+00
1.980852130325814642e+00 0.000000000000000000e+00 0.000000000000000000e+00 0.000000000000000000e+00 0.000000000000000000e+00 0.000000000000000000e+00
1.988345864661654305e+00 0.000000000000000000e+00 0.000000000000000000e+00 0.000000000000000000e+00 0.000000000000000000e+00 0.000000000000000000e+00
1.995839598997493747e+00 0.000000000000000000e+00 0.000000000000000000e+00 0.000000000000000000e+00 0.000000000000000000e+00 0.000000000000000000e+00
2.003333333333333410e+00 0.000000000000000000e+00 0.000000000000000000e+00 0.000000000000000000e+00 0.000000000000000000e+00 0.000000000000000000e+00
2.010827067669172852e+00 0.000000000000000000e+00 0.000000000000000000e+00 0.000000000000000000e+00 0.000000000000000000e+00 0.000000000000000000e+00
2.018320802005012293e+00 0.000000000000000000e+00 0.000000000000000000e+00 0.000000000000000000e+00 0.000000000000000000e+00 0.000000000000000000e+00
2.025814536340852179e+00 0.000000000000000000e+00 0.000000000000000000e+00 0.000000000000000000e+00 0.000000000000000000e+00 0.000000000000000000e+00
2.033308270676691620e+00 0.000000000000000000e+00 0.000000000000000000e+00 0.000000000000000000e+00 0.000000000000000000e+00 0.000000000000000000e+00
2.040802005012531062e+00 0.000000000000000000e+00 0.000000000000000000e+00 0.000000000000000000e+00 0.000000000000000000e+00 0.000000000000000000e+00
2.048295739348370947e+00 0.000000000000000000e+00 0.000000000000000000e+00 0.000000000000000000e+00 0.000000000000000000e+00 0.000000000000000000e+00
2.055789473684210389e+00 0.000000000000000000e+00 0.000000000000000000e+00 0.000000000000000000e+00 0.000000000000000000e+00 0.000000000000000000e+00
2.063283208020049830e+00 0.000000000000000000e+00 0.000000000000000000e+00 0.000000000000000000e+00 0.000000000000000000e+00 0.000000000000000000e+00
2.070776942355889716e+00 0.000000000000000000e+00 0.000000000000000000e+00 0.000000000000000000e+00 0.000000000000000000e+00 0.000000000000000000e+00
2.078270676691729157e+00 0.000000000000000000e+00 0.000000000000000000e+00 0.000000000000000000e+00 0.000000000000000000e+00 0.000000000000000000e+00
2.085764411027568599e+00 0.000000000000000000e+00 0.000000000000000000e+00 0.000000000000000000e+00 0.000000000000000000e+00 0.000000000000000000e+00
2.093258145363408484e+00 0.000000000000000000e+00 0.000000000000000000e+00 0.000000000000000000e+00 0.000000000000000000e+00 0.000000000000000000e+00
2.100751879699247926e+00 0.000000000000000000e+00 0.000000000000000000e+00 0.000000000000000000e+00 0.000000000000000000e+00 0.000000000000000000e+00
2.108245614035087812e+00 0.000000000000000000e+00 0.000000000000000000e+00 0.000000000000000000e+00 0.000000000000000000e+00 0.000000000000000000e+00
2.115739348370927253e+00 0.000000000000000000e+00 0.000000000000000000e+00 0.000000000000000000e+00 0.000000000000000000e+00 0.000000000000000000e+00
2.123233082706766695e+00 0.000000000000000000e+00 0.000000000000000000e+00 0.000000000000000000e+00 0.000000000000000000e+00 0.000000000000000000e+00
2.130726817042606580e+00 0.000000000000000000e+00 0.000000000000000000e+00 0.000000000000000000e+00 0.000000000000000000e+00 0.000000000000000000e+00
2.138220551378446022e+00 0.000000000000000000e+00 0.000000000000000000e+00 0.000000000000000000e+00 0.000000000000000000e+00 0.000000000000000000e+00
2.145714285714285463e+00 0.000000000000000000e+00 0.000000000000000000e+00 0.000000000000000000e+00 0.000000000000000000e+00 0.000000000000000000e+00
2.153208020050125349e+00 0.000000000000000000e+00 0.000000000000000000e+00 0.000000000000000000e+00 0.000000000000000000e+00 0.000000000000000000e+00
2.160701754385964790e+00 0.000000000000000000e+00 0.000000000000000000e+00 0.000000000000000000e+00 0.000000000000000000e+00 0.000000000000000000e+00
2.168195488721804232e+00 0.000000000000000000e+00 0.000000000000000000e+00 0.000000000000000000e+00 0.000000000000000000e+00 0.000000000000000000e+00
2.175689223057644117e+00 0.000000000000000000e+00 0.000000000000000000e+00 0.000000000000000000e+00 0.000000000000000000e+00 0.000000000000000000e+00
2.183182957393483559e+00 0.000000000000000000e+00 0.000000000000000000e+00 0.000000000000000000e+00 0.000000000000000000e+00 0.000000000000000000e+00
2.190676691729323000e+00 0.000000000000000000e+00 0.000000000000000000e+00 0.000000000000000000e+00 0.000000000000000000e+00 0.000000000000000000e+00
2.198170426065162886e+00 0.000000000000000000e+00 0.000000000000000000e+00 0.000000000000000000e+00 0.000000000000000000e+00 0.000000000000000000e+00
2.205664160401002327e+00 0.000000000000000000e+00 0.000000000000000000e+00 0.000000000000000000e+00 0.000000000000000000e+00 0.000000000000000000e+00
2.213157894736842213e+00 0.000000000000000000e+00 0.000000000000000000e+00 0.000000000000000000e+00 0.000000000000000000e+00 0.000000000000000000e+00
2.220651629072681654e+00 0.000000000000000000e+00 0.000000000000000000e+00 0.000000000000000000e+00 0.000000000000000000e+00 0.000000000000000000e+00
2.228145363408521096e+00 0.000000000000000000e+00 0.000000000000000000e+00 0.000000000000000000e+00 0.000000000000000000e+00 0.000000000000000000e+00
2.235639097744360981e+00 0.000000000000000000e+00 0.000000000000000000e+00 0.000000000000000000e+00 0.000000000000000000e+00 0.000000000000000000e+00
2.243132832080200423e+00 0.000000000000000000e+00 0.000000000000000000e+00 0.000000000000000000e+00 0.000000000000000000e+00 0.000000000000000000e+00
2.250626566416039864e+00 0.000000000000000000e+00 0.000000000000000000e+00 0.000000000000000000e+00 0.000000000000000000e+00 0.000000000000000000e+00
2.258120300751879750e+00 0.000000000000000000e+00 0.000000000000000000e+00 0.000000000000000000e+00 0.000000000000000000e+00 0.000000000000000000e+00
2.265614035087719191e+00 0.000000000000000000e+00 0.000000000000000000e+00 0.000000000000000000e+00 0.000000000000000000e+00 0.000000000000000000e+00
2.273107769423558633e+00 0.000000000000000000e+00 0.000000000000000000e+00 0.000000000000000000e+00 0.000000000000000000e+00 0.000000000000000000e+00
2.280601503759398518e+00 0.000000000000000000e+00 0.000000000000000000e+00 0.000000000000000000e+00 0.000000000000000000e+00 0.000000000000000000e+00
2.288095238095237960e+00 0.000000000000000000e+00 0.000000000000000000e+00 0.000000000000000000e+00 0.000000000000000000e+00 0.000000000000000000e+00
2.295588972431077401e+00 0.000000000000000000e+00 0.000000000000000000e+00 0.000000000000000000e+00 0.000000000000000000e+00 0.000000000000000000e+00
2.303082706766917287e+00 0.000000000000000000e+00 0.000000000000000000e+00 0.000000000000000000e+00 0.000000000000000000e+00 0.000000000000000000e+00
2.310576441102756728e+00 0.000000000000000000e+00 0.000000000000000000e+00 0.000000000000000000e+00 0.000000000000000000e+00 0.000000000000000000e+00
2.318070175438596170e+00 0.000000000000000000e+00 0.000000000000000000e+00 0.000000000000000000e+00 0.000000000000000000e+00 0.000000000000000000e+00
2.325563909774436055e+00 0.000000000000000000e+00 0.000000000000000000e+00 0.000000000000000000e+00 0.000000000000000000e+00 0.000000000000000000e+00
2.333057644110275497e+00 0.000000000000000000e+00 0.000000000000000000e+00 0.000000000000000000e+00 0.000000000000000000e+00 0.000000000000000000e+00
2.340551378446115383e+00 0.000000000000000000e+00 0.000000000000000000e+00 0.000000000000000000e+00 0.000000000000000000e+00 0.000000000000000000e+00
2.348045112781954824e+00 0.000000000000000000e+00 0.000000000000000000e+00 0.000000000000000000e+00 0.000000000000000000e+00 0.000000000000000000e+00
2.355538847117794266e+00 0.000000000000000000e+00 0.000000000000000000e+00 0.000000000000000000e+00 0.000000000000000000e+00 0.000000000000000000e+00
2.363032581453634151e+00 0.000000000000000000e+00 0.000000000000000000e+00 0.000000000000000000e+00 0.000000000000000000e+00 0.000000000000000000e+00
2.370526315789473593e+00 0.000000000000000000e+00 0.000000000000000000e+00 0.000000000000000000e+00 0.000000000000000000e+00 0.000000000000000000e+00
2.378020050125313034e+00 0.000000000000000000e+00 0.000000000000000000e+00 0.000000000000000000e+00 0.000000000000000000e+00 0.000000000000000000e+00
2.385513784461152920e+00 0.000000000000000000e+00 0.000000000000000000e+00 0.000000000000000000e+00 0.000000000000000000e+00 0.000000000000000000e+00
2.393007518796992361e+00 0.000000000000000000e+00 0.000000000000000000e+00 0.000000000000000000e+00 0.000000000000000000e+00 0.000000000000000000e+00
2.400501253132831803e+00 0.000000000000000000e+00 0.000000000000000000e+00 0.000000000000000000e+00 0.000000000000000000e+00 0.000000000000000000e+00
2.407994987468671688e+00 0.000000000000000000e+00 0.000000000000000000e+00 0.000000000000000000e+00 0.000000000000000000e+00 0.000000000000000000e+00
2.415488721804511130e+00 0.000000000000000000e+00 0.000000000000000000e+00 0.000000000000000000e+00 0.000000000000000000e+00 0.000000000000000000e+00
2.422982456140350571e+00 0.000000000000000000e+00 0.000000000000000000e+00 0.000000000000000000e+00 0.000000000000000000e+00 0.000000000000000000e+00
2.430476190476190457e+00 0.000000000000000000e+00 0.000000000000000000e+00 0.000000000000000000e+00 0.000000000000000000e+00 0.000000000000000000e+00
2.437969924812029898e+00 0.000000000000000000e+00 0.000000000000000000e+00 0.000000000000000000e+00 0.000000000000000000e+00 0.000000000000000000e+00
2.445463659147869784e+00 0.000000000000000000e+00 0.000000000000000000e+00 0.000000000000000000e+00 0.000000000000000000e+00 0.000000000000000000e+00
2.452957393483709225e+00 0.000000000000000000e+00 0.000000000000000000e+00 0.000000000000000000e+00 0.000000000000000000e+00 0.000000000000000000e+00
2.460451127819548667e+00 0.000000000000000000e+00 0.000000000000000000e+00 0.000000000000000000e+00 0.000000000000000000e+00 0.000000000000000000e+00
2.467944862155388552e+00 0.000000000000000000e+00 0.000000000000000000e+00 0.000000000000000000e+00 0.000000000000000000e+00 0.000000000000000000e+00
2.475438596491227994e+00 0.000000000000000000e+00 0.000000000000000000e+00 0.000000000000000000e+00 0.000000000000000000e+00 0.000000000000000000e+00
2.482932330827067435e+00 0.000000000000000000e+00 0.000000000000000000e+00 0.000000000000000000e+00 0.000000000000000000e+00 0.000000000000000000e+00
2.490426065162907321e+00 0.000000000000000000e+00 0.000000000000000000e+00 0.000000000000000000e+00 0.000000000000000000e+00 0.000000000000000000e+00
2.497919799498746762e+00 0.000000000000000000e+00 0.000000000000000000e+00 0.000000000000000000e+00 0.000000000000000000e+00 0.000000000000000000e+00
2.505413533834586204e+00 0.000000000000000000e+00 0.000000000000000000e+00 0.000000000000000000e+00 0.000000000000000000e+00 0.000000000000000000e+00
2.512907268170426089e+00 0.000000000000000000e+00 0.000000000000000000e+00 0.000000000000000000e+00 0.000000000000000000e+00 0.000000000000000000e+00
2.520401002506265531e+00 0.000000000000000000e+00 0.000000000000000000e+00 0.000000000000000000e+00 0.000000000000000000e+00 0.000000000000000000e+00
2.527894736842104972e+00 0.000000000000000000e+00 0.000000000000000000e+00 0.000000000000000000e+00 0.000000000000000000e+00 0.000000000000000000e+00
2.535388471177944858e+00 0.000000000000000000e+00 0.000000000000000000e+00 0.000000000000000000e+00 0.000000000000000000e+00 0.000000000000000000e+00
2.542882205513784299e+00 0.000000000000000000e+00 0.000000000000000000e+00 0.000000000000000000e+00 0.000000000000000000e+00 0.000000000000000000e+00
2.550375939849624185e+00 0.000000000000000000e+00 0.000000000000000000e+00 0.000000000000000000e+00 0.000000000000000000e+00 0.000000000000000000e+00
2.557869674185463627e+00 0.000000000000000000e+00 0.000000000000000000e+00 0.000000000000000000e+00 0.000000000000000000e+00 0.000000000000000000e+00
2.565363408521303068e+00 0.000000000000000000e+00 0.000000000000000000e+00 0.000000000000000000e+00 0.000000000000000000e+00 0.000000000000000000e+00
2.572857142857142954e+00 0.000000000000000000e+00 0.000000000000000000e+00 0.000000000000000000e+00 0.000000000000000000e+00 0.000000000000000000e+00
2.580350877192982395e+00 0.000000000000000000e+00 0.000000000000000000e+00 0.000000000000000000e+00 0.000000000000000000e+00 0.000000000000000000e+00
2.587844611528821837e+00 0.000000000000000000e+00 0.000000000000000000e+00 0.000000000000000000e+00 0.000000000000000000e+00 0.000000000000000000e+00
2.595338345864661722e+00 0.000000000000000000e+00 0.000000000000000000e+00 0.000000000000000000e+00 0.000000000000000000e+00 0.000000000000000000e+00
2.602832080200501164e+00 0.000000000000000000e+00 0.000000000000000000e+00 0.000000000000000000e+00 0.000000000000000000e+00 0.000000000000000000e+00
2.610325814536340605e+00 0.000000000000000000e+00 0.000000000000000000e+00 0.000000000000000000e+00 0.000000000000000000e+00 0.000000000000000000e+00
2.617819548872180491e+00 0.000000000000000000e+00 0.000000000000000000e+00 0.000000000000000000e+00 0.000000000000000000e+00 0.000000000000000000e+00
2.625313283208019932e+00 0.000000000000000000e+00 0.000000000000000000e+00 0.000000000000000000e+00 0.000000000000000000e+00 0.000000000000000000e+00
2.632807017543859374e+00 0.000000000000000000e+00 0.000000000000000000e+00 0.000000000000000000e+00 0.000000000000000000e+00 0.000000000000000000e+00
2.640300751879699259e+00 0.000000000000000000e+00 0.000000000000000000e+00 0.000000000000000000e+00 0.000000000000000000e+00 0.000000000000000000e+00
2.647794486215538701e+00 0.000000000000000000e+00 0.000000000000000000e+00 0.000000000000000000e+00 0.000000000000000000e+00 0.000000000000000000e+00
2.655288220551378142e+00 0.000000000000000000e+00 0.000000000000000000e+00 0.000000000000000000e+00 0.000000000000000000e+00 0.000000000000000000e+00
2.662781954887218028e+00 0.000000000000000000e+00 0.000000000000000000e+00 0.000000000000000000e+00 0.000000000000000000e+00 0.000000000000000000e+00
2.670275689223057469e+00 0.000000000000000000e+00 0.000000000000000000e+00 0.000000000000000000e+00 0.000000000000000000e+00 0.000000000000000000e+00
2.677769423558897355e+00 0.000000000000000000e+00 0.000000000000000000e+00 0.000000000000000000e+00 0.000000000000000000e+00 0.000000000000000000e+00
2.685263157894736796e+00 0.000000000000000000e+00 0.000000000000000000e+00 0.000000000000000000e+00 0.000000000000000000e+00 0.000000000000000000e+00
2.692756892230576238e+00 0.000000000000000000e+00 0.000000000000000000e+00 0.000000000000000000e+00 0.000000000000000000e+00 0.000000000000000000e+00
2.700250626566416123e+00 0.000000000000000000e+00 0.000000000000000000e+00 0.000000000000000000e+00 0.000000000000000000e+00 0.000000000000000000e+00
2.707744360902255565e+00 0.000000000000000000e+00 0.000000000000000000e+00 0.000000000000000000e+00 0.000000000000000000e+00 0.000000000000000000e+00
2.715238095238095006e+00 0.000000000000000000e+00 0.000000000000000000e+00 0.000000000000000000e+00 0.000000000000000000e+00 0.000000000000000000e+00
2.722731829573934892e+00 0.000000000000000000e+00 0.000000000000000000e+00 0.000000000000000000e+00 0.000000000000000000e+00 0.000000000000000000e+00
2.730225563909774333e+00 0.000000000000000000e+00 0.000000000000000000e+00 0.000000000000000000e+00 0.000000000000000000e+00 0.000000000000000000e+00
2.737719298245613775e+00 0.000000000000000000e+00 0.000000000000000000e+00 0.000000000000000000e+00 0.000000000000000000e+00 0.000000000000000000e+00
2.745213032581453660e+00 0.000000000000000000e+00 0.000000000000000000e+00 0.000000000000000000e+00 0.000000000000000000e+00 0.000000000000000000e+00
2.752706766917293102e+00 0.000000000000000000e+00 0.000000000000000000e+00 0.000000000000000000e+00 0.000000000000000000e+00 0.000000000000000000e+00
2.760200501253132543e+00 0.000000000000000000e+00 0.000000000000000000e+00 0.000000000000000000e+00 0.000000000000000000e+00 0.000000000000000000e+00
2.767694235588972429e+00 0.000000000000000000e+00 0.000000000000000000e+00 0.000000000000000000e+00 0.000000000000000000e+00 0.000000000000000000e+00
2.775187969924811870e+00 0.000000000000000000e+00 0.000000000000000000e+00 0.000000000000000000e+00 0.000000000000000000e+00 0.000000000000000000e+00
2.782681704260651756e+00 0.000000000000000000e+00 0.000000000000000000e+00 0.000000000000000000e+00 0.000000000000000000e+00 0.000000000000000000e+00
2.790175438596491198e+00 0.000000000000000000e+00 0.000000000000000000e+00 0.000000000000000000e+00 0.000000000000000000e+00 0.000000000000000000e+00
2.797669172932330639e+00 0.000000000000000000e+00 0.000000000000000000e+00 0.000000000000000000e+00 0.000000000000000000e+00 0.000000000000000000e+00
2.805162907268170525e+00 0.000000000000000000e+00 0.000000000000000000e+00 0.000000000000000000e+00 0.000000000000000000e+00 0.000000000000000000e+00
2.812656641604009966e+00 0.000000000000000000e+00 0.000000000000000000e+00 0.000000000000000000e+00 0.000000000000000000e+00 0.000000000000000000e+00
2.820150375939849408e+00 0.000000000000000000e+00 0.000000000000000000e+00 0.000000000000000000e+00 0.000000000000000000e+00 0.000000000000000000e+00
2.827644110275689293e+00 0.000000000000000000e+00 0.000000000000000000e+00 0.000000000000000000e+00 0.000000000000000000e+00 0.000000000000000000e+00
2.835137844611528735e+00 0.000000000000000000e+00 0.000000000000000000e+00 0.000000000000000000e+00 0.000000000000000000e+00 0.000000000000000000e+00
2.842631578947368176e+00 0.000000000000000000e+00 0.000000000000000000e+00 0.000000000000000000e+00 0.000000000000000000e+00 0.000000000000000000e+00
2.850125313283208062e+00 0.000000000000000000e+00 0.000000000000000000e+00 0.000000000000000000e+00 0.000000000000000000e+00 0.000000000000000000e+00
2.857619047619047503e+00 0.000000000000000000e+00 0.000000000000000000e+00 0.000000000000000000e+00 0.000000000000000000e+00 0.000000000000000000e+00
2.865112781954886945e+00 0.000000000000000000e+00 0.000000000000000000e+00 0.000000000000000000e+00 0.000000000000000000e+00 0.000000000000000000e+00
2.872606516290726830e+00 0.000000000000000000e+00 0.000000000000000000e+00 0.000000000000000000e+00 0.000000000000000000e+00 0.000000000000000000e+00
2.880100250626566272e+00 0.000000000000000000e+00 0.000000000000000000e+00 0.000000000000000000e+00 0.000000000000000000e+00 0.000000000000000000e+00
2.887593984962405713e+00 0.000000000000000000e+00 0.000000000000000000e+00 0.000000000000000000e+00 0.000000000000000000e+00 0.000000000000000000e+00
2.895087719298245599e+00 0.000000000000000000e+00 0.000000000000000000e+00 0.000000000000000000e+00 0.000000000000000000e+00 0.000000000000000000e+00
2.902581453634085040e+00 0.000000000000000000e+00 0.000000000000000000e+00 0.000000000000000000e+00 0.000000000000000000e+00 0.000000000000000000e+00
2.910075187969924926e+00 0.000000000000000000e+00 0.000000000000000000e+00 0.000000000000000000e+00 0.000000000000000000e+00 0.000000000000000000e+00
2.917568922305764367e+00 0.000000000000000000e+00 0.000000000000000000e+00 0.000000000000000000e+00 0.000000000000000000e+00 0.000000000000000000e+00
2.925062656641603809e+00 0.000000000000000000e+00 0.000000000000000000e+00 0.000000000000000000e+00 0.000000000000000000e+00 0.000000000000000000e+00
2.932556390977443694e+00 0.000000000000000000e+00 0.000000000000000000e+00 0.000000000000000000e+00 0.000000000000000000e+00 0.000000000000000000e+00
2.940050125313283136e+00 0.000000000000000000e+00 0.000000000000000000e+00 0.000000000000000000e+00 0.000000000000000000e+00 0.000000000000000000e+00
2.947543859649122577e+00 0.000000000000000000e+00 0.000000000000000000e+00 0.000000000000000000e+00 0.000000000000000000e+00 0.000000000000000000e+00
2.955037593984962463e+00 0.000000000000000000e+00 0.000000000000000000e+00 0.000000000000000000e+00 0.000000000000000000e+00 0.000000000000000000e+00
2.962531328320801904e+00 0.000000000000000000e+00 0.000000000000000000e+00 0.000000000000000000e+00 0.000000000000000000e+00 0.000000000000000000e+00
2.970025062656641346e+00 0.000000000000000000e+00 0.000000000000000000e+00 0.000000000000000000e+00 0.000000000000000000e+00 0.000000000000000000e+00
2.977518796992481231e+00 0.000000000000000000e+00 0.000000000000000000e+00 0.000000000000000000e+00 0.000000000000000000e+00 0.000000000000000000e+00
2.985012531328320673e+00 0.000000000000000000e+00 0.000000000000000000e+00 0.000000000000000000e+00 0.000000000000000000e+00 0.000000000000000000e+00
2.992506265664160114e+00 0.000000000000000000e+00 0.000000000000000000e+00 0.000000000000000000e+00 0.000000000000000000e+00 0.000000000000000000e+00
3.000000000000000000e+00 0.000000000000000000e+00 0.000000000000000000e+00 0.000000000000000000e+00 0.000000000000000000e+00 0.000000000000000000e+00
