1.000000000000000021e-02 2.002516430981980330e-02 3.545275089884731824e-13 0.000000000000000000e+00 0.000000000000000000e+00 0.000000000000000000e+00
1.749373433583959955e-02 5.775156428668462572e-02 3.084936201166426251e-12 0.000000000000000000e+00 0.000000000000000000e+00 0.000000000000000000e+00
2.498746867167919716e-02 1.167114173589460374e-01 1.919820622969742610e-11 0.000000000000000000e+00 0.000000000000000000e+00 0.000000000000000000e+00
3.248120300751879824e-02 1.964111361276536794e-01 9.763335458987669954e-11 0.000000000000000000e+00 0.000000000000000000e+00 0.000000000000000000e+00
3.997493734335839932e-02 2.954996682034697897e-01 4.305710653540059859e-10 0.000000000000000000e+00 0.000000000000000000e+00 0.000000000000000000e+00
4.746867167919800040e-02 4.119591896395054520e-01 1.699858466570944039e-09 0.000000000000000000e+00 0.000000000000000000e+00 0.000000000000000000e+00
5.496240601503759454e-02 5.433334630434614176e-01 6.124795771112056818e-09 0.000000000000000000e+00 0.000000000000000000e+00 0.000000000000000000e+00
6.245614035087719562e-02 6.869528857225719598e-01 2.040133740520374379e-08 0.000000000000000000e+00 0.000000000000000000e+00 0.000000000000000000e+00
6.994987468671678976e-02 8.401305232148338353e-01 6.339896307549099971e-08 0.000000000000000000e+00 0.000000000000000000e+00 0.000000000000000000e+00
7.744360902255638390e-02 1.000483450989959389e+00 1.925610666756156082e-07 0.000000000000000000e+00 0.000000000000000000e+00 0.000000000000000000e+00
8.493734335839599192e-02 1.165460692702380729e+00 5.573462333504419270e-07 8.601631399467442753e-18 0.000000000000000000e+00 0.000000000000000000e+00
9.243107769423558606e-02 1.332939892268220294e+00 1.507085940017856481e-06 1.109394038622633432e-16 0.000000000000000000e+00 0.000000000000000000e+00
9.992481203007518020e-02 1.501280599834108775e+00 3.838541424815117689e-06 4.790392069537715428e-16 0.000000000000000000e+00 0.000000000000000000e+00
1.074185463659147882e-01 1.669148260874692147e+00 9.264619245523793767e-06 2.389695720891762427e-15 0.000000000000000000e+00 0.000000000000000000e+00
1.149122807017543824e-01 1.835483197058075611e+00 2.128866275773741703e-05 1.150357685341751547e-14 0.000000000000000000e+00 0.000000000000000000e+00
1.224060150375939904e-01 1.999459935997830451e+00 4.674767683730908426e-05 5.168314160635047191e-14 0.000000000000000000e+00 0.000000000000000000e+00
1.298997493734335984e-01 2.160442884387572260e+00 9.840502745056022081e-05 2.175095620664364919e-13 0.000000000000000000e+00 0.000000000000000000e+00
1.373934837092732064e-01 2.317942308589677758e+00 1.991010075605410910e-04 8.628946245014211426e-13 0.000000000000000000e+00 0.000000000000000000e+00
1.448872180451127867e-01 2.471572730879041835e+00 3.880881078879305519e-04 3.238299720653347925e-12 0.000000000000000000e+00 0.000000000000000000e+00
1.523809523809523947e-01 2.621014361091500433e+00 7.302516878559977588e-04 1.153241977937082854e-11 0.000000000000000000e+00 0.000000000000000000e+00
1.598746867167920027e-01 2.765977161726624889e+00 1.328899435603600205e-03 3.907471814335807438e-11 0.000000000000000000e+00 0.000000000000000000e+00
1.673684210526315830e-01 2.906166622064737748e+00 2.342642868457609460e-03 1.262619155146272507e-10 0.000000000000000000e+00 0.000000000000000000e+00
1.748621553884711910e-01 3.041250279289421155e+00 4.006545557083013645e-03 3.899109303295749234e-10 0.000000000000000000e+00 0.000000000000000000e+00
1.823558897243107990e-01 3.170824421245127755e+00 6.657151079151482284e-03 1.152947793045832161e-09 0.000000000000000000e+00 0.000000000000000000e+00
1.898496240601503793e-01 3.293987754720006489e+00 1.088287302676070600e-02 3.478425148998731841e-09 0.000000000000000000e+00 0.000000000000000000e+00
1.973433583959899873e-01 3.410392042070597096e+00 1.727763216788617134e-02 9.927307765015162623e-09 0.000000000000000000e+00 0.000000000000000000e+00
2.048370927318295953e-01 3.519207512034272511e+00 2.667986055146785718e-02 2.693185135390601367e-08 0.000000000000000000e+00 0.000000000000000000e+00
2.123308270676692033e-01 3.619411384790148123e+00 4.013543797272667302e-02 6.976855362590276804e-08 0.000000000000000000e+00 0.000000000000000000e+00
2.198245614035087836e-01 3.709787759611000713e+00 5.890216337289276571e-02 1.731941955887615123e-07 0.000000000000000000e+00 0.000000000000000000e+00
2.273182957393483916e-01 3.788936160521071628e+00 8.444019365187985238e-02 4.131524779279238021e-07 0.000000000000000000e+00 0.000000000000000000e+00
2.348120300751879996e-01 3.855298462612166688e+00 1.183835150977853717e-01 9.493096622071775487e-07 0.000000000000000000e+00 0.000000000000000000e+00
2.423057644110275799e-01 3.907205873416677910e+00 1.624906053036497267e-01 2.105205791370452527e-06 0.000000000000000000e+00 0.000000000000000000e+00
2.497994987468671879e-01 3.942945770664516569e+00 2.185744194568853827e-01 4.513654626172099334e-06 1.462783451607813498e-16 0.000000000000000000e+00
2.572932330827067959e-01 3.960846001895322210e+00 2.884141243564926071e-01 9.370922995960987695e-06 7.379975641894072646e-16 0.000000000000000000e+00
2.647869674185464040e-01 3.959372015219764229e+00 3.736533166905904868e-01 1.886527298343693132e-05 3.022225433664857886e-15 0.000000000000000000e+00
2.722807017543860120e-01 3.937230230237494411e+00 4.756914741866052898e-01 3.687424872398337129e-05 1.115123946767485085e-14 0.000000000000000000e+00
2.797744360902255645e-01 3.893469672340545529e+00 5.955767929914753678e-01 7.006017403450671218e-05 3.964003051265866759e-14 0.000000000000000000e+00
2.872681704260651725e-01 3.827573312797472038e+00 7.339091274627266293e-01 1.295325544345962622e-04 1.349631250355299408e-13 0.000000000000000000e+00
2.947619047619047805e-01 3.739063409293508666e+00 8.911511089124821705e-01 2.348809353438885243e-04 4.566349885024712061e-13 0.000000000000000000e+00
3.022556390977443885e-01 3.628208100498186983e+00 1.067010989692655842e+00 4.190632434899169319e-04 1.548935555291427039e-12 0.000000000000000000e+00
3.097493734335839966e-01 3.497064924369772676e+00 1.259569101620196641e+00 7.269406302717931192e-04 4.971082801479851015e-12 0.000000000000000000e+00
3.172431077694236046e-01 3.347385691145170927e+00 1.467032395905571551e+00 1.227991925540966025e-03 1.519054717405992672e-11 0.000000000000000000e+00
3.247368421052631571e-01 3.181414098967557891e+00 1.687069309100497794e+00 2.022873775775188999e-03 4.439663582642758020e-11 0.000000000000000000e+00
3.322305764411027651e-01 3.001803594757440852e+00 1.916884290553873882e+00 3.253487438493635284e-03 1.245330774380036577e-10 0.000000000000000000e+00
3.397243107769423731e-01 2.811514009624312749e+00 2.153312800587397380e+00 5.114611589352177981e-03 3.361667698572501562e-10 0.000000000000000000e+00
3.472180451127819811e-01 2.613694534493571364e+00 2.392929349541394135e+00 7.866688944308549911e-03 8.752385787889955386e-10 0.000000000000000000e+00
3.547117794486215892e-01 2.411561251596693545e+00 2.632160759398411987e+00 1.184906987987753568e-02 2.201977187446605091e-09 0.000000000000000000e+00
3.622055137844611972e-01 2.208277299370910995e+00 2.867397271960282712e+00 1.749271810698870694e-02 5.361859645197758516e-09 0.000000000000000000e+00
3.696992481203007497e-01 2.006842912682388569e+00 3.095095269741211297e+00 2.533110850714131307e-02 1.265468985225406657e-08 0.000000000000000000e+00
3.771929824561403577e-01 1.810001204895170135e+00 3.311867010632191910e+00 3.600783885817675223e-02 2.898495659519666529e-08 0.000000000000000000e+00
3.846867167919799657e-01 1.620163839833445030e+00 3.514554656216505535e+00 5.027937996188008851e-02 6.450278819133819536e-08 0.000000000000000000e+00
3.921804511278195737e-01 1.439358886602218890e+00 3.700287743104911709e+00 6.901144158124362937e-02 1.396131789461542297e-07 0.000000000000000000e+00
3.996741854636591817e-01 1.269201349178191940e+00 3.866524882878876745e+00 9.316766066552774339e-02 2.941975172527129349e-07 0.000000000000000000e+00
4.071679197994987898e-01 1.111446788219450532e+00 4.010036746426324683e+00 1.241262342618848352e-01 6.173391577083134685e-07 0.000000000000000000e+00
4.146616541353383978e-01 9.665559783547499340e-01 4.129547705451694029e+00 1.628696438330476115e-01 1.266111046680613720e-06 0.000000000000000000e+00
4.221553884711779503e-01 8.346876523046228291e-01 4.224035939231186809e+00 2.103934441846789793e-01 2.521558147564751631e-06 0.000000000000000000e+00
4.296491228070175583e-01 7.158547104767724045e-01 4.292522875763945756e+00 2.677536165817287483e-01 4.885269100731170468e-06 0.000000000000000000e+00
4.371428571428571663e-01 6.097854524014708621e-01 4.334416576571743285e+00 3.359131437358429673e-01 9.221071365557910002e-06 0.000000000000000000e+00
4.446365914786967743e-01 5.159759031080939362e-01 4.349509890740635321e+00 4.156895390804400958e-01 1.697884635760411014e-05 0.000000000000000000e+00
4.521303258145363824e-01 4.337425060141450461e-01 4.337976903906305637e+00 5.077035930547917353e-01 3.053236169330572972e-05 0.000000000000000000e+00
4.596240601503759904e-01 3.622725744773738210e-01 4.300367025849909375e+00 6.123326347406793380e-01 5.367545945156545383e-05 0.000000000000000000e+00
4.671177944862155429e-01 3.006705308564476820e-01 4.237595520476702404e+00 7.296714772353712908e-01 9.233135475667162404e-05 0.000000000000000000e+00
4.746115288220551509e-01 2.479985948188230538e-01 4.150929026807920863e+00 8.595038063092775849e-01 1.555395781466583987e-04 0.000000000000000000e+00
4.821052631578947589e-01 2.033111657126502325e-01 4.041964665115668431e+00 1.001286117501172912e+00 2.567925971668826111e-04 0.000000000000000000e+00
4.895989974937343669e-01 1.656826460591209194e-01 3.912601642485334263e+00 1.154145466847964485e+00 4.157972685370117227e-04 2.287653932557503019e-16
4.970927318295739750e-01 1.342288576376492182e-01 3.765004807223164107e+00 1.316891354324490004e+00 6.607325500499951643e-04 7.792275476584469436e-16
5.045864661654135830e-01 1.081225032070314840e-01 3.601560269731110431e+00 1.488041096067669544e+00 1.031061781413502697e-03 2.446024350040583207e-15
5.120802005012531355e-01 8.663055262490242103e-02 3.424750049293943999e+00 1.665889703503646846e+00 1.582736602295903208e-03 7.725735849129542424e-15
5.195739348370927990e-01 6.920491767866465693e-02 3.236931995213949254e+00 1.848571244598862018e+00 2.406530453154318797e-03 2.385249674661115842e-14
5.270676691729323515e-01 5.500511607146885834e-02 3.041518835677345045e+00 2.033624603620279192e+00 3.592918928111370810e-03 7.093931733899409353e-14
5.345614035087720151e-01 4.350311941343026900e-02 2.841209619179135171e+00 2.218848266106252520e+00 5.271367069044589383e-03 2.016200358124244487e-13
5.420551378446115676e-01 3.424037793246247074e-02 2.638621507343244854e+00 2.402014160370396834e+00 7.605586785937753364e-03 5.533943879099331583e-13
5.495488721804511201e-01 2.682290634355702016e-02 2.436234663345677287e+00 2.580922610307607279e+00 1.079848947182590439e-02 1.469654469837973593e-12
5.570426065162907836e-01 2.091554184983186043e-02 2.236343800480240951e+00 2.753452056434277040e+00 1.509660200495041918e-02 3.784416313042746840e-12
5.645363408521303361e-01 1.623580345477224074e-02 2.041018093504217479e+00 2.917601843336573797e+00 2.079351299387573876e-02 9.464427151267005088e-12
5.720300751879699996e-01 1.254768601704336212e-02 1.852070622723710702e+00 3.071527037075549860e+00 2.823188001986522491e-02 2.302182919568881321e-11
5.795238095238095521e-01 9.655635928221604700e-03 1.671037947794177692e+00 3.213564899816219622e+00 3.780352459597750153e-02 5.453545361005721640e-11
5.870175438596491047e-01 7.398880338284942633e-03 1.499169843942103064e+00 3.342253252959545673e+00 4.994717632964592452e-02 1.259445008942186833e-10
5.945112781954887682e-01 5.646219431328064475e-03 1.337428719636860830e+00 3.456341457891317859e+00 6.514350513848801705e-02 2.838327891979387029e-10
6.020050125313283207e-01 4.291341223416958277e-03 1.186497803536496143e+00 3.554795103560391745e+00 8.390720030180739974e-02 6.247530753299259364e-10
6.094987468671679842e-01 3.248679839927192010e-03 1.046796860331137946e+00 3.636795697311277387e+00 1.067760132763088954e-01 1.344193864975516115e-09
6.169924812030075367e-01 2.449809910706110625e-03 9.185039791123549291e-01 3.701736710710188394e+00 1.342968688398537280e-01 2.829054710125941928e-09
6.244862155388472003e-01 1.844680260866191296e-03 8.019140149395032058e-01 3.748690479560158106e+00 1.671798854863202344e-01 5.917013983543515980e-09
6.319799498746867528e-01 1.387560560997320568e-03 6.967770132595004773e-01 3.777443995724261594e+00 2.059813358520942161e-01 1.225489722792742226e-08
6.394736842105263053e-01 1.040315285717100793e-03 6.023484843774143949e-01 3.788544626630423462e+00 2.509996386132155033e-01 2.475277479344320502e-08
6.469674185463659688e-01 7.774901759945746383e-04 5.181104020776381436e-01 3.782189071379247203e+00 3.026215162787855850e-01 4.883121062613692206e-08
6.544611528822055213e-01 5.792619889274880449e-04 4.434556843664747006e-01 3.758746412636700285e+00 3.611432465777824619e-01 9.420550048903545419e-08
6.619548872180451848e-01 4.302661663327899929e-04 3.777154998683693865e-01 3.718750353380176232e+00 4.267526080080485396e-01 1.779207926750861146e-07
6.694486215538847373e-01 3.186484442492677868e-04 3.201838681253881269e-01 3.662891174063113819e+00 4.995135471978947028e-01 3.292720212829045661e-07
6.769423558897244009e-01 2.353031583669135162e-04 2.701391654589048730e-01 3.592006948546882406e+00 5.793544476378017505e-01 5.976122480386618306e-07
6.844360902255639534e-01 1.732656422585587028e-04 2.268623456354694479e-01 3.507073521053014176e+00 6.660607146582848692e-01 1.064491213016673769e-06
6.919298245614035059e-01 1.272306463187991121e-04 1.896518537301848384e-01 3.409192787906814903e+00 7.592721778362654383e-01 1.862146004542782887e-06
6.994235588972431694e-01 9.317295037556799211e-05 1.578353487056580184e-01 3.299578935571083615e+00 8.584855643440969519e-01 3.201110905352012708e-06
7.069172932330827219e-01 6.805019972789658927e-05 1.307784544915314151e-01 3.179542443697747522e+00 9.630620326180587831e-01 5.410640315201283979e-06
7.144110275689223855e-01 4.957141446643363684e-05 1.078908321197734888e-01 3.050471848840557332e+00 1.072239493498045260e+00 8.996751745520892825e-06
7.219047619047619380e-01 3.601759513808978767e-05 8.862990969725609292e-02 2.913813460377077114e+00 1.185149203339966650e+00 1.472398092922155898e-05
7.293984962406014905e-01 2.610338962014503985e-05 7.250262665317638855e-02 2.771049405541957000e+00 1.300835906033161793e+00 2.372835750676556226e-05
7.368922305764411540e-01 1.897427171718803747e-05 5.918609546880670980e-02 2.623510672525598775e+00 1.418317043769624641e+00 3.805679024907599167e-05
7.443859649122807065e-01 1.377439732067511852e-05 4.814510726923831863e-02 2.472975684307723299e+00 1.536389233098037543e+00 6.012845341265709464e-05
7.518796992481203700e-01 9.979543241528877594e-06 3.901781873993623306e-02 2.320919497659957198e+00 1.653968959754127166e+00 9.350191014157270130e-05
7.593734335839599225e-01 7.216061900853614924e-06 3.150533859455089541e-02 2.168722205365488875e+00 1.770000973933138155e+00 1.431957729503621768e-04
7.668671679197995861e-01 5.207882528898304569e-06 2.534818465851227873e-02 2.017683060722994526e+00 1.883468358915635799e+00 2.161021147162255583e-04
7.743609022556391386e-01 3.751561821998640091e-06 2.032270545048884061e-02 1.869002866211550096e+00 1.993413057519592524e+00 3.215397967425555293e-04
7.818546365914786911e-01 2.697556217328053860e-06 1.623744494780034534e-02 1.723769327184322186e+00 2.098953391236919153e+00 4.719182852676987220e-04
7.893483709273183546e-01 1.936210750194452949e-06 1.292956893932754522e-02 1.582945714462570486e+00 2.199298109971583148e+00 6.835169062272798560e-04
7.968421052631579071e-01 1.387309910490641284e-06 1.026144082003264783e-02 1.447363027821198189e+00 2.293756696553226337e+00 9.773789872958163830e-04
8.043358395989975707e-01 9.923087418592832229e-07 8.117408296758459388e-03 1.317715700373421006e+00 2.381745834209318957e+00 1.380313163278991222e-03
8.118295739348371232e-01 7.085736707384440348e-07 6.400840351339979334e-03 1.194560741098865453e+00 2.462792117476329867e+00 1.925985366919789757e-03
8.193233082706767867e-01 5.051252549154125010e-07 5.031435803553439834e-03 1.078320086784614773e+00 2.536531239968210727e+00 2.656074946107392972e-03
8.268170426065163392e-01 3.594997562587686958e-07 3.942810628780027762e-03 9.692858309702240271e-01 2.602704020382504257e+00 3.621457371878532977e-03
8.343107769423558917e-01 2.554415911812413509e-07 3.080360407607784633e-03 8.676279194551994589e-01 2.661149727561629152e+00 4.883364737946612952e-03
8.418045112781955552e-01 1.815303527538290859e-07 2.401567390420812718e-03 7.735160983716071748e-01 2.711678884598751171e+00 6.521421265445279808e-03
8.492982456140351077e-01 1.295036962827401025e-07 1.872205293056478006e-03 6.871169358325029952e-01 2.754073153576815258e+00 8.641301490600114890e-03
8.567919799498747713e-01 9.227879815427651351e-08 1.455718189684726853e-03 6.079505650573836517e-01 2.788768560845020783e+00 1.132632269831589968e-02
8.642857142857143238e-01 6.567816981934884516e-08 1.128989755220023835e-03 5.357980773356180171e-01 2.815903538059947309e+00 1.469020760959790020e-02
8.717794486215539873e-01 4.669292952696929311e-08 8.734024528414812295e-04 4.703799478201781681e-01 2.835658131361444401e+00 1.886004799639685869e-02
8.792731829573935398e-01 3.315911240913667516e-08 6.740196123691536345e-04 4.113686107399837089e-01 2.848242928246576877e+00 2.397572304031163337e-02
8.867669172932330923e-01 2.352264615287027418e-08 5.189022054569705691e-04 3.584004045208419864e-01 2.853889020819762035e+00 3.018877851284833616e-02
8.942606516290727559e-01 1.666901079850259998e-08 3.985415502151782468e-04 3.110866508901510841e-01 2.852839301405527106e+00 3.766072411828508271e-02
9.017543859649123084e-01 1.179999291653959133e-08 3.053909381550532647e-04 2.690236952040718221e-01 2.845341299942656388e+00 4.656072821487865915e-02
9.092481203007519719e-01 8.344663267077519918e-09 2.334810064691547301e-04 2.318017951618260852e-01 2.831641685223066141e+00 5.706271490388023504e-02
9.167418546365915244e-01 5.895177422349351748e-09 1.781054903925375211e-04 1.990127996216208561e-01 2.811982467300441435e+00 6.934189696597026220e-02
9.242355889724310769e-01 4.160549185967369175e-09 1.355657222742950949e-04 1.702566069290331330e-01 2.786598859290464691e+00 8.357080785495311914e-02
9.317293233082707404e-01 2.933416512497108501e-09 1.029638560527326442e-04 1.451464321500322563e-01 2.755718685907780685e+00 9.991492524889467042e-02
9.392230576441102929e-01 2.066181610195695971e-09 7.803626487075366290e-05 1.233129445471967123e-01 2.719563165563149365e+00 1.185280057377761376e-01
9.467167919799499565e-01 1.453904749225188170e-09 5.901987505790641687e-05 1.044073606798978510e-01 2.678348844313393151e+00 1.395472733556674672e-01
9.542105263157895090e-01 1.026860601091475462e-09 4.467670133539802482e-05 8.819066619037499444e-02 2.632114902919461930e+00 1.631878577511753914e-01
9.617042606516291725e-01 7.267427213108599312e-10 3.381621267727159607e-05 7.429899886735501224e-02 2.581171066979043971e+00 1.895039740525541749e-01
9.691979949874687250e-01 5.140307008928847557e-10 2.555172894225686680e-05 6.240168627098256759e-02 2.525847595083201114e+00 2.184937929148449143e-01
9.766917293233082775e-01 3.633648440116926155e-10 1.927447228793575861e-05 5.224979422795505979e-02 2.466377518662357105e+00 2.501771165845811939e-01
9.841854636591479411e-01 2.567129077228226688e-10 1.451530878447459707e-05 4.361835300950594324e-02 2.403007298575142503e+00 2.845363543131144146e-01
9.916791979949874936e-01 1.812626819200605547e-10 1.091353902311454298e-05 3.630542361297312004e-02 2.335999812359250694e+00 3.215145264366148781e-01
9.991729323308271571e-01 1.279172557440927318e-10 8.192448054166463729e-06 3.013089689372777658e-02 2.265636646144140176e+00 3.610142130599177657e-01
1.006666666666666599e+00 9.022222045827871468e-11 6.140206951401025638e-06 2.493510580646861666e-02 2.192219550227237690e+00 4.028975094333150930e-01
1.014160401002506262e+00 6.360102216646527806e-11 4.594996884338645650e-06 2.057731990845165782e-02 2.116070965786431390e+00 4.469870127521805014e-01
1.021654135338345926e+00 4.481080906049158896e-11 3.433453809809945904e-06 1.693418029660971255e-02 2.037533579697698993e+00 4.930678266613429672e-01
1.029147869674185589e+00 3.155507867038983378e-11 2.561716248847568312e-06 1.389812266853346703e-02 1.956968912636896096e+00 5.408905321232806429e-01
1.036641604010025031e+00 2.220882089704374493e-11 1.908507445938212051e-06 1.137582648142579887e-02 1.874754990463197935e+00 5.901750383271049394e-01
1.044135338345864694e+00 1.562250176581964981e-11 1.419802793334161501e-06 9.286719408316870469e-03 1.791283188500501389e+00 6.406151965865202191e-01
1.051629072681704358e+00 1.098348796418004312e-11 1.054729062806694069e-06 7.561558553689467881e-03 1.706954371316416585e+00 6.918840350215531565e-01
1.059122807017544021e+00 7.718371432173220983e-12 7.824573048467804727e-07 6.141247363830506373e-03 1.622174463291735647e+00 7.436395194409048948e-01
1.066616541353383463e+00 5.461436586956026814e-12 5.827563285373854744e-07 4.987731299157378145e-03 1.537371346559387675e+00 7.955169169699557452e-01
1.074110275689223126e+00 3.863681107226177716e-12 4.335409796857900687e-07 4.041542996763709296e-03 1.452969233986833419e+00 8.471354756800175689e-01
1.081604010025062790e+00 2.732745176618947237e-12 3.221810791528441707e-07 3.267434094642192571e-03 1.369357350940297646e+00 8.981452921403105805e-01
1.089097744360902231e+00 1.932447619145617656e-12 2.391695934463340022e-07 2.635719748441661420e-03 1.286909195361169100e+00 9.482063529892628129e-01
1.096591478696741895e+00 1.366227919586384144e-12 1.773604164725992485e-07 2.121490825369139969e-03 1.205977972111473395e+00 9.969938423474110634e-01
1.104085213032581558e+00 9.657560135153579788e-13 1.313894146960661120e-07 1.703918697371438386e-03 1.126892473217387058e+00 1.044202915964896894e+00
1.111578947368421222e+00 6.825245756667365728e-13 9.723542663937602442e-08 1.365645815398255176e-03 1.049953509229929915e+00 1.089552844635213846e+00
1.119072681704260663e+00 4.822444662451451670e-13 7.188793809856399794e-08 1.092254786725590241e-03 9.754309710961587276e-01 1.132790455431512022e+00
1.126566416040100327e+00 3.406637064250241811e-13 5.309591640760126798e-08 8.718085283173389452e-04 9.035615752316323857e-01 1.173692825911316628e+00
1.134060150375939990e+00 2.405899889414179860e-13 3.917827959513802918e-08 6.944541586501200075e-04 8.345473181219302816e-01 1.212069212455852307e+00
1.141553884711779432e+00 1.698588518533978621e-13 2.888109133401908978e-08 5.520835561207650859e-04 7.685546418229147747e-01 1.247762218366699871e+00
1.149047619047619095e+00 1.199786914354742411e-13 2.127012073112290379e-08 4.380439017874733563e-04 7.057142890571352911e-01 1.280648229414034223e+00
1.156541353383458759e+00 8.469498139136562953e-14 1.565012389264739598e-08 3.468919947210338372e-04 6.461218068923683111e-01 1.310637163590407273e+00
1.164035087719298200e+00 5.976417186908247022e-14 1.150428479937532290e-08 2.741866450413415145e-04 5.898386417010346161e-01 1.337671597446969951e+00
1.171528822055137864e+00 4.226378485254714957e-14 8.467427509942210952e-09 2.165894491004809208e-04 5.369716487745194167e-01 1.361655838762595661e+00
1.179022556390977527e+00 3.004345966586752468e-14 6.249192504901911577e-09 1.711408655167890626e-04 4.875619291334553074e-01 1.382555381696251251e+00
1.186516290726817191e+00 2.135333392670984684e-14 4.609050080923240132e-09 1.350086134707719496e-04 4.414528692355210726e-01 1.400514298744808706e+00
1.194010025062656632e+00 1.516096639007665812e-14 3.397188706190972839e-09 1.063342435648872687e-04 3.985861130556768162e-01 1.415590804921405210e+00
1.201503759398496296e+00 1.077484487719765652e-14 2.502382859463931251e-09 8.361820687837425207e-05 3.588814758128100468e-01 1.427864281596611384e+00
1.208997493734335960e+00 7.646009932976717503e-15 1.842121735715627675e-09 6.565325037483986891e-05 3.222399367487964184e-01 1.437432382840317713e+00
1.216491228070175401e+00 5.452631000457907952e-15 1.355244159532678407e-09 5.146955911068788758e-05 2.885466458712220295e-01 1.444408116185172508e+00
1.223984962406015065e+00 3.865071848824416574e-15 9.964489124410872371e-10 4.028971173065130294e-05 2.576738800885433056e-01 1.448916963682136405e+00
1.231478696741854728e+00 2.741207548839003304e-15 7.322070702098564186e-10 3.149180292090072655e-05 2.294838930965399926e-01 1.451094099990021924e+00
1.238972431077694392e+00 1.945878305554155742e-15 5.377207070664673807e-10 2.457933807443626360e-05 2.038316128233550739e-01 1.451081754633782639e+00
1.246466165413533833e+00 1.376363451039958008e-15 3.946621977083874008e-10 1.915672414761831831e-05 1.805671498071991510e-01 1.449026755874396777e+00
1.253959899749373497e+00 9.549916472501049011e-16 2.894953639314255070e-10 1.490936954073750055e-05 1.595380892227609981e-01 1.445078284193300755e+00
1.261453634085213160e+00 7.172574013082738631e-16 2.122295078073612423e-10 1.158756786256574804e-05 1.405915481087897656e-01 1.439385854481703753e+00
1.268947368421052602e+00 5.245322645670884707e-16 1.554955855983828786e-10 8.993478637203275057e-06 1.235759874627715277e-01 1.432097537852040858e+00
1.276441102756892265e+00 3.374993629905236978e-16 1.138618385210216254e-10 6.970635243365206577e-06 1.083427761036888370e-01 1.423358426706507363e+00
1.283934837092731929e+00 2.429742689661723944e-16 8.370091980827382262e-11 5.411608075755214319e-06 9.481654553656333750e-02 1.413255260213894582e+00
1.291428571428571592e+00 1.622878385969298638e-16 6.159063169006592620e-11 4.200191766604703623e-06 8.279687442728118907e-02 1.401974085284661165e+00
1.298922305764411034e+00 1.448469891476143709e-16 4.530568822241897472e-11 3.256302799513561315e-06 7.212905866374652586e-02 1.389661382817923396e+00
1.306416040100250697e+00 7.865839611870500886e-17 3.331567377458194634e-11 2.521747928518256831e-06 6.268817297298491520e-02 1.376438465175195525e+00
1.313909774436090361e+00 7.744054043827204677e-17 2.449080635971142618e-11 1.950777474708771175e-06 5.435662223943572152e-02 1.362419331707372061e+00
1.321403508771929802e+00 7.623910212640772355e-17 1.799778459854656279e-11 1.507476296588134740e-06 4.702439475517944389e-02 1.347710423498117427e+00
1.328897243107769466e+00 4.059437846394355845e-17 1.322206875779055272e-11 1.163689359945192860e-06 4.058917085842506794e-02 1.332410520712150381e+00
1.336390977443609129e+00 0.000000000000000000e+00 9.710539764848269434e-12 8.973753342369589171e-07 3.495630715963884971e-02 1.316610762648104949e+00
1.343884711779448793e+00 0.000000000000000000e+00 7.129359987061794426e-12 6.913021821046325278e-07 3.003871595407143352e-02 1.300394771170273245e+00
1.351378446115288234e+00 0.000000000000000000e+00 5.232666101835213611e-12 5.320154585607842079e-07 2.575665843184271608e-02 1.283838859155287615e+00
1.358872180451127898e+00 0.000000000000000000e+00 3.839376098885264178e-12 4.090236529193047682e-07 2.203746901936210270e-02 1.267012306841587055e+00
1.366365914786967561e+00 0.000000000000000000e+00 2.816144266035578542e-12 3.141559460002799048e-07 1.881522670700892449e-02 1.249977690423499599e+00
1.373859649122807003e+00 0.000000000000000000e+00 2.064977776944793991e-12 2.410566837524808835e-07 1.603038761567424086e-02 1.232791248810099827e+00
1.381353383458646666e+00 0.000000000000000000e+00 1.513704158202291728e-12 1.847880698627012954e-07 1.362939139600036383e-02 1.215503276104898056e+00
1.388847117794486330e+00 0.000000000000000000e+00 1.110129986611789199e-12 1.416046452550473238e-07 1.156679097643438861e-02 1.198158396011154148e+00
1.396340852130325993e+00 0.000000000000000000e+00 8.180209216334378248e-13 1.088113388755364820e-07 9.809729393298946901e-03 1.180797844823756826e+00
1.403834586466165435e+00 0.000000000000000000e+00 6.027068312171205320e-13 8.354920065677943450e-08 8.303821569343786818e-03 1.163458515186678310e+00
1.411328320802005098e+00 0.000000000000000000e+00 4.440118123352738569e-13 6.410434344980055744e-08 7.015965401553934076e-03 1.146170386669263852e+00
1.418822055137844762e+00 0.000000000000000000e+00 3.270710285110818319e-13 4.914901432087816621e-08 5.916933630719890466e-03 1.128959593901546210e+00
1.426315789473684204e+00 0.000000000000000000e+00 2.408882837564231557e-13 3.765556888367631163e-08 4.981004453963184565e-03 1.111848794246441452e+00
1.433809523809523867e+00 0.000000000000000000e+00 1.773962703851860721e-13 2.882937012484456834e-08 4.185612637397476826e-03 1.094857515073477394e+00
1.441303258145363531e+00 0.000000000000000000e+00 1.306420089875318802e-13 2.205650884511623303e-08 3.511022819099060208e-03 1.078002478966302524e+00
1.448796992481202972e+00 0.000000000000000000e+00 9.619869043180256015e-14 1.686311642561125636e-08 2.940025964377149942e-03 1.061297905916594120e+00
1.456290726817042636e+00 0.000000000000000000e+00 7.080788897774813807e-14 1.288373378279334055e-08 2.457659328631973256e-03 1.044755792157227248e+00
1.463784461152882299e+00 0.000000000000000000e+00 5.211480333790612463e-14 9.836746486491344119e-09 2.050949788168116537e-03 1.028386165777209316e+00
1.471278195488721963e+00 0.000000000000000000e+00 3.835661938920259866e-14 7.505327391991818167e-09 1.708680005431129686e-03 1.012197319650570915e+00
1.478771929824561404e+00 0.000000000000000000e+00 2.822890163000946686e-14 5.722665961015487703e-09 1.421176591016316522e-03 9.961960225122727941e-01
1.486265664160401068e+00 0.000000000000000000e+00 2.077856274215924566e-14 4.360531937127085094e-09 1.180119199170823587e-03 9.803877092373404212e-01
1.493759398496240731e+00 0.000000000000000000e+00 1.526421140200811341e-14 3.320428612998190257e-09 9.783693353953156705e-04 9.647766515358379147e-01
1.501253132832080173e+00 0.000000000000000000e+00 1.126912395015396087e-14 2.532642372262079307e-09 8.106944789532068889e-04 9.493725028925775744e-01
1.508746867167919836e+00 0.000000000000000000e+00 8.324322091280090075e-15 1.934848471687716251e-09 6.714172489065858796e-04 9.341772143209242651e-01
1.516240601503759500e+00 0.000000000000000000e+00 6.154721057382040206e-15 1.477456831058401299e-09 5.552668272762149859e-04 9.191865537746580772e-01
1.523734335839599163e+00 0.000000000000000000e+00 4.552449260118369549e-15 1.127666208356494038e-09 4.585577210572151373e-04 9.044014147898676859e-01
1.531228070175438605e+00 0.000000000000000000e+00 3.370443138673398868e-15 8.602946018977287752e-10 3.781622510101023812e-04 8.898221508520771650e-01
1.538721804511278268e+00 0.000000000000000000e+00 2.488751041126413571e-15 6.560203447373427153e-10 3.114316844151981067e-04 8.754486543250201702e-01
1.546215538847117932e+00 0.000000000000000000e+00 1.835001337653712895e-15 5.000267532551450076e-10 2.561274813113049759e-04 8.612804253181677305e-01
1.553709273182957373e+00 0.000000000000000000e+00 1.365535584951437826e-15 3.809579013184635976e-10 2.103615503629777670e-04 8.473166315880646948e-01
1.561203007518797037e+00 0.000000000000000000e+00 1.017215365163070010e-15 2.901150589379662101e-10 1.725444943826292968e-04 8.335561604853921613e-01
1.568696741854636700e+00 0.000000000000000000e+00 7.627990417263225618e-16 2.208383387141369148e-10 1.413409105547530425e-04 8.199976638753839753e-01
1.576190476190476364e+00 0.000000000000000000e+00 5.548549306189154498e-16 1.680314800876825037e-10 1.156308945050457340e-04 8.066395968758530710e-01
1.583684210526315805e+00 0.000000000000000000e+00 4.241308772684916993e-16 1.277966464009869204e-10 9.447697895509590978e-05 7.934802511762267807e-01
1.591177944862155469e+00 0.000000000000000000e+00 3.225892521681522677e-16 9.715412372003065123e-11 7.709581564710955208e-05 7.805177836237113809e-01
1.598671679197995132e+00 0.000000000000000000e+00 2.242387103656427062e-16 7.382712469718884249e-11 6.283398270835581110e-05 7.677502406898862874e-01
1.606165413533834574e+00 0.000000000000000000e+00 1.715242300578006295e-16 5.607675386448015885e-11 5.114736813528418231e-05 7.551755793630942071e-01
1.613659147869674237e+00 0.000000000000000000e+00 1.237589122790979549e-16 4.275102632348431890e-11 4.167836192882309638e-05 7.428019188205523538e-01
1.621152882205513901e+00 0.000000000000000000e+00 8.283049324343487214e-17 3.259745111522163671e-11 3.393358719014719500e-05 7.306177267383089369e-01
1.628646616541353565e+00 0.000000000000000000e+00 7.348490413821041258e-17 2.484884217868084852e-11 2.759831934137724080e-05 7.186196588543009023e-01
1.636140350877193006e+00 0.000000000000000000e+00 4.006485836168467215e-17 1.893721369192832509e-11 2.242207806985094791e-05 7.068054639348824164e-01
1.643634085213032670e+00 0.000000000000000000e+00 3.940525496233449234e-17 1.442824380907277514e-11 1.819767215080883287e-05 6.951728686374434307e-01
1.651127819548872333e+00 0.000000000000000000e+00 3.875585925443248370e-17 1.099007362134769741e-11 1.475396372099827513e-05 6.837195849754168497e-01
1.658621553884711775e+00 0.000000000000000000e+00 2.027174668266024897e-17 8.369092113964889855e-12 1.194979306809446554e-05 6.724433166097856240e-01
1.666115288220551438e+00 0.000000000000000000e+00 0.000000000000000000e+00 6.371564915156828572e-12 9.668887469696744788e-06 6.613417641428334104e-01
1.673609022556391102e+00 0.000000000000000000e+00 0.000000000000000000e+00 4.849596879968342885e-12 7.815602551302463410e-06 6.504126295651501133e-01
1.681102756892230765e+00 0.000000000000000000e+00 0.000000000000000000e+00 3.690244397169382644e-12 6.311366416858447117e-06 6.396536199852896898e-01
1.688596491228070207e+00 0.000000000000000000e+00 0.000000000000000000e+00 2.807336810131530086e-12 5.091715762729009171e-06 6.290624507526830778e-01
1.696090225563909870e+00 0.000000000000000000e+00 0.000000000000000000e+00 2.135129022851011682e-12 4.103829623271195370e-06 6.186368480680781712e-01
1.703583959899749534e+00 0.000000000000000000e+00 0.000000000000000000e+00 1.623472431147584840e-12 3.304480597173834986e-06 6.083745511617127955e-01
1.711077694235588975e+00 0.000000000000000000e+00 0.000000000000000000e+00 1.234092661582936568e-12 2.658335634616780075e-06 5.982733141072592575e-01
1.718571428571428639e+00 0.000000000000000000e+00 0.000000000000000000e+00 9.390482385832813794e-13 2.138234737533825397e-06 5.883335487991707691e-01
1.726065162907268302e+00 0.000000000000000000e+00 0.000000000000000000e+00 7.167494748455010492e-13 1.721914355029994350e-06 5.785570181924593047e-01
1.733558897243107966e+00 0.000000000000000000e+00 0.000000000000000000e+00 5.470087164854328030e-13 1.385550276405890523e-06 5.689346660767906627e-01
1.741052631578947407e+00 0.000000000000000000e+00 0.000000000000000000e+00 4.173975764457613927e-13 1.114018522966282379e-06 5.594643218522374895e-01
1.748546365914787071e+00 0.000000000000000000e+00 0.000000000000000000e+00 3.184884204784170989e-13 8.950071596232717602e-07 5.501438352137438814e-01
1.756040100250626734e+00 0.000000000000000000e+00 0.000000000000000000e+00 2.429861632457969391e-13 7.185036271724157896e-07 5.409710766935038606e-01
1.763533834586466176e+00 0.000000000000000000e+00 0.000000000000000000e+00 1.853508891377483397e-13 5.763734210659828483e-07 5.319439380997688094e-01
1.771027568922305839e+00 0.000000000000000000e+00 0.000000000000000000e+00 1.413809256265604134e-13 4.620142793443439897e-07 5.230603328683466335e-01
1.778521303258145503e+00 0.000000000000000000e+00 0.000000000000000000e+00 1.078220158992827376e-13 3.700726972327928382e-07 5.143181963404143131e-01
1.786015037593984944e+00 0.000000000000000000e+00 0.000000000000000000e+00 8.221221199207840083e-14 2.962118155994073084e-07 5.057154859780284006e-01
1.793508771929824608e+00 0.000000000000000000e+00 0.000000000000000000e+00 6.268289150122259966e-14 2.369215969633666748e-07 4.972501815268570158e-01
1.801002506265664271e+00 0.000000000000000000e+00 0.000000000000000000e+00 4.780006041000273484e-14 1.893637637699661985e-07 4.889202851340956335e-01
1.808496240601503935e+00 0.000000000000000000e+00 0.000000000000000000e+00 3.644724374210560179e-14 1.512452752607217112e-07 4.807238214282155697e-01
1.815989974937343376e+00 0.000000000000000000e+00 0.000000000000000000e+00 2.776879571147004733e-14 1.207152042871027752e-07 4.726588375661017194e-01
1.823483709273183040e+00 0.000000000000000000e+00 0.000000000000000000e+00 2.116095967212865346e-14 9.628077649892295484e-08 4.647234032522319924e-01
1.830977443609022703e+00 0.000000000000000000e+00 0.000000000000000000e+00 1.616608576540222986e-14 7.689393511332328334e-08 4.569205951268095478e-01
1.838471177944862145e+00 0.000000000000000000e+00 0.000000000000000000e+00 1.237540279171922707e-14 6.143840122971535788e-08 4.492459475372941879e-01
1.845964912280701808e+00 0.000000000000000000e+00 0.000000000000000000e+00 9.472221985285898532e-15 4.906159032616699142e-08 4.416949855727519969e-01
1.853458646616541472e+00 0.000000000000000000e+00 0.000000000000000000e+00 7.250540585984525595e-15 3.915619008264003931e-08 4.342658724815285365e-01
1.860952380952381136e+00 0.000000000000000000e+00 0.000000000000000000e+00 5.555097490668804499e-15 3.123340522101389078e-08 4.269567938347081371e-01
1.868446115288220577e+00 0.000000000000000000e+00 0.000000000000000000e+00 4.246039971177875701e-15 2.490010455109199491e-08 4.197659574380631087e-01
1.875939849624060241e+00 0.000000000000000000e+00 0.000000000000000000e+00 3.249330180019734789e-15 1.984031521835195699e-08 4.126915932335682435e-01
1.883433583959899904e+00 0.000000000000000000e+00 0.000000000000000000e+00 2.495235120204321666e-15 1.580025035618672411e-08 4.057319531916223077e-01
1.890927318295739346e+00 0.000000000000000000e+00 0.000000000000000000e+00 1.904921482804573997e-15 1.257620517994431500e-08 3.988853111949547392e-01
1.898421052631579009e+00 0.000000000000000000e+00 0.000000000000000000e+00 1.448912338438246986e-15 1.000477995502628632e-08 3.921499629150684840e-01
1.905914786967418673e+00 0.000000000000000000e+00 0.000000000000000000e+00 1.115615940971428280e-15 7.954988820572802893e-09 3.855242256819537694e-01
1.913408521303258336e+00 0.000000000000000000e+00 0.000000000000000000e+00 8.564487482672836583e-16 6.321895579579003546e-09 3.790064383477155241e-01
1.920902255639097778e+00 0.000000000000000000e+00 0.000000000000000000e+00 6.535362434073067447e-16 5.021484838837839328e-09 3.725949611446862653e-01
1.928395989974937441e+00 0.000000000000000000e+00 0.000000000000000000e+00 5.042652420574995946e-16 3.986531803257168460e-09 3.662881755385185012e-01
1.935889724310777105e+00 0.000000000000000000e+00 0.000000000000000000e+00 3.857959773291854455e-16 3.163654060320738684e-09 3.600847128141284048e-01
1.943383458646616546e+00 0.000000000000000000e+00 0.000000000000000000e+00 2.953898598440511026e-16 2.517156824025318032e-09 3.539885498698041033e-01
1.950877192982456210e+00 0.000000000000000000e+00 0.000000000000000000e+00 2.275077061923586159e-16 2.001982339542317482e-09 3.479921745841629832e-01
1.958370927318295873e+00 0.000000000000000000e+00 0.000000000000000000e+00 1.657894603002854272e-16 1.591625995758305479e-09 3.420940550938599833e-01
1.965864661654135537e+00 0.000000000000000000e+00 0.000000000000000000e+00 1.276358514696938640e-16 1.264895307573049849e-09 3.362926799388523680e-01
1.973358395989974978e+00 0.000000000000000000e+00 0.000000000000000000e+00 1.055507952410381276e-16 1.004853434538880928e-09 3.305865578927800752e-01
1.980852130325814642e+00 0.000000000000000000e+00 0.000000000000000000e+00 8.417494878799242024e-17 7.979709886198155967e-10 3.249742177907713470e-01
1.988345864661654305e+00 0.000000000000000000e+00 0.000000000000000000e+00 6.349119752844240813e-17 6.334454213280342212e-10 3.194542083549144484e-01
1.995839598997493747e+00 0.000000000000000000e+00 0.000000000000000000e+00 4.348277570630576650e-17 5.026553729012811480e-10 3.140250980176071960e-01
2.003333333333333410e+00 0.000000000000000000e+00 0.000000000000000000e+00 3.483183352816629212e-17 3.987232955848373108e-10 3.086854747429910728e-01
2.010827067669172852e+00 0.000000000000000000e+00 0.000000000000000000e+00 2.254619380473735938e-17 3.161651607264579860e-10 3.034339458466666084e-01
2.018320802005012293e+00 0.000000000000000000e+00 0.000000000000000000e+00 1.682823099941133395e-17 2.506099274334021521e-10 2.982691378138633831e-01
2.025814536340852179e+00 0.000000000000000000e+00 0.000000000000000000e+00 1.654165083339616329e-17 1.985751741883691042e-10 2.931896961162400728e-01
2.033308270676691620e+00 0.000000000000000000e+00 0.000000000000000000e+00 1.625981164288140851e-17 1.572875845786998815e-10 2.881942850274776258e-01
2.040802005012531062e+00 0.000000000000000000e+00 0.000000000000000000e+00 1.598263911691337796e-17 1.245394280104949023e-10 2.832815874378153964e-01
2.048295739348370947e+00 0.000000000000000000e+00 0.000000000000000000e+00 0.000000000000000000e+00 9.870759700509287658e-11 2.784523090865548278e-01
2.055789473684210389e+00 0.000000000000000000e+00 0.000000000000000000e+00 0.000000000000000000e+00 7.836014787062605337e-11 2.737058778827000660e-01
2.063283208020049830e+00 0.000000000000000000e+00 0.000000000000000000e+00 0.000000000000000000e+00 6.219120092265483465e-11 2.690381777847958289e-01
2.070776942355889716e+00 0.000000000000000000e+00 0.000000000000000000e+00 0.000000000000000000e+00 4.934611845896424968e-11 2.644479671232246587e-01
2.078270676691729157e+00 0.000000000000000000e+00 0.000000000000000000e+00 0.000000000000000000e+00 3.914428217041937198e-11 2.599340218681203130e-01
2.085764411027568599e+00 0.000000000000000000e+00 0.000000000000000000e+00 0.000000000000000000e+00 3.104387386961444482e-11 2.554951354403572905e-01
2.093258145363408484e+00 0.000000000000000000e+00 0.000000000000000000e+00 0.000000000000000000e+00 2.461367402487809423e-11 2.511301185223991372e-01
2.100751879699247926e+00 0.000000000000000000e+00 0.000000000000000000e+00 0.000000000000000000e+00 1.951060212164426730e-11 2.468377988691059510e-01
2.108245614035087812e+00 0.000000000000000000e+00 0.000000000000000000e+00 0.000000000000000000e+00 1.546176908426591418e-11 2.426170211185958436e-01
2.115739348370927253e+00 0.000000000000000000e+00 0.000000000000000000e+00 0.000000000000000000e+00 1.225016803774615103e-11 2.384666466032573373e-01
2.123233082706766695e+00 0.000000000000000000e+00 0.000000000000000000e+00 0.000000000000000000e+00 9.703298816624603832e-12 2.343855531609956855e-01
2.130726817042606580e+00 0.000000000000000000e+00 0.000000000000000000e+00 0.000000000000000000e+00 7.684068807674579408e-12 2.303726349467990486e-01
2.138220551378446022e+00 0.000000000000000000e+00 0.000000000000000000e+00 0.000000000000000000e+00 6.083555639464862013e-12 2.264268022447089024e-01
2.145714285714285463e+00 0.000000000000000000e+00 0.000000000000000000e+00 0.000000000000000000e+00 4.815235816966228426e-12 2.225469812802609859e-01
2.153208020050125349e+00 0.000000000000000000e+00 0.000000000000000000e+00 0.000000000000000000e+00 3.810410523045072135e-12 2.187321140334768932e-01
2.160701754385964790e+00 0.000000000000000000e+00 0.000000000000000000e+00 0.000000000000000000e+00 3.022413705106695597e-12 2.149841632081320730e-01
2.168195488721804232e+00 0.000000000000000000e+00 0.000000000000000000e+00 0.000000000000000000e+00 2.398617887191837381e-12 2.112997709805495561e-01
2.175689223057644117e+00 0.000000000000000000e+00 0.000000000000000000e+00 0.000000000000000000e+00 1.903287882318526561e-12 2.076771385037550766e-01
2.183182957393483559e+00 0.000000000000000000e+00 0.000000000000000000e+00 0.000000000000000000e+00 1.510021688236960801e-12 2.041152713018556941e-01
2.190676691729323000e+00 0.000000000000000000e+00 0.000000000000000000e+00 0.000000000000000000e+00 1.197840701381742279e-12 2.006131896917484614e-01
2.198170426065162886e+00 0.000000000000000000e+00 0.000000000000000000e+00 0.000000000000000000e+00 9.500608951208172051e-13 1.971699286009582219e-01
2.205664160401002327e+00 0.000000000000000000e+00 0.000000000000000000e+00 0.000000000000000000e+00 7.534272692782690130e-13 1.937845373864498510e-01
2.213157894736842213e+00 0.000000000000000000e+00 0.000000000000000000e+00 0.000000000000000000e+00 5.974002418982882415e-13 1.904560796544565726e-01
2.220651629072681654e+00 0.000000000000000000e+00 0.000000000000000000e+00 0.000000000000000000e+00 4.736186219361952776e-13 1.871836330813755334e-01
2.228145363408521096e+00 0.000000000000000000e+00 0.000000000000000000e+00 0.000000000000000000e+00 3.754315018723475041e-13 1.839662892357629975e-01
2.235639097744360981e+00 0.000000000000000000e+00 0.000000000000000000e+00 0.000000000000000000e+00 2.975543772946059668e-13 1.808031534014752639e-01
2.243132832080200423e+00 0.000000000000000000e+00 0.000000000000000000e+00 0.000000000000000000e+00 2.357998067390151570e-13 1.776933444019880848e-01
2.250626566416039864e+00 0.000000000000000000e+00 0.000000000000000000e+00 0.000000000000000000e+00 1.868321041503829120e-13 1.746359944259281149e-01
2.258120300751879750e+00 0.000000000000000000e+00 0.000000000000000000e+00 0.000000000000000000e+00 1.480106374224564946e-13 1.716302488538503646e-01
2.265614035087719191e+00 0.000000000000000000e+00 0.000000000000000000e+00 0.000000000000000000e+00 1.173035657041496114e-13 1.686757853043137634e-01
2.273107769423558633e+00 0.000000000000000000e+00 0.000000000000000000e+00 0.000000000000000000e+00 9.320602563868470109e-14 1.657736841543621942e-01
2.280601503759398518e+00 0.000000000000000000e+00 0.000000000000000000e+00 0.000000000000000000e+00 7.405077764372507956e-14 1.629206098896930355e-01
2.288095238095237960e+00 0.000000000000000000e+00 0.000000000000000000e+00 0.000000000000000000e+00 5.883465735551204517e-14 1.601157609399334325e-01
2.295588972431077401e+00 0.000000000000000000e+00 0.000000000000000000e+00 0.000000000000000000e+00 4.673538689099050686e-14 1.573583480465162443e-01
2.303082706766917287e+00 0.000000000000000000e+00 0.000000000000000000e+00 0.000000000000000000e+00 3.712807189061194179e-14 1.546475940978319363e-01
2.310576441102756728e+00 0.000000000000000000e+00 0.000000000000000000e+00 0.000000000000000000e+00 2.948992735086320121e-14 1.519827339658026133e-01
2.318070175438596170e+00 0.000000000000000000e+00 0.000000000000000000e+00 0.000000000000000000e+00 2.342397490971725823e-14 1.493630143438904045e-01
2.325563909774436055e+00 0.000000000000000000e+00 0.000000000000000000e+00 0.000000000000000000e+00 1.860295535475658248e-14 1.467876935865600752e-01
2.333057644110275497e+00 0.000000000000000000e+00 0.000000000000000000e+00 0.000000000000000000e+00 1.476993208790432887e-14 1.442560415502086024e-01
2.340551378446115383e+00 0.000000000000000000e+00 0.000000000000000000e+00 0.000000000000000000e+00 1.173054957239736698e-14 1.417673394355721539e-01
2.348045112781954824e+00 0.000000000000000000e+00 0.000000000000000000e+00 0.000000000000000000e+00 9.317963731169889175e-15 1.393208796316255105e-01
2.355538847117794266e+00 0.000000000000000000e+00 0.000000000000000000e+00 0.000000000000000000e+00 7.394968175808691164e-15 1.369159655609814008e-01
2.363032581453634151e+00 0.000000000000000000e+00 0.000000000000000000e+00 0.000000000000000000e+00 5.872269546654146210e-15 1.345519115267991839e-01
2.370526315789473593e+00 0.000000000000000000e+00 0.000000000000000000e+00 0.000000000000000000e+00 4.662905480385850701e-15 1.322280425612112342e-01
2.378020050125313034e+00 0.000000000000000000e+00 0.000000000000000000e+00 0.000000000000000000e+00 3.703553747892387023e-15 1.299449832256751036e-01
2.385513784461152920e+00 0.000000000000000000e+00 0.000000000000000000e+00 0.000000000000000000e+00 2.949552215299190063e-15 1.277017823503031058e-01
2.393007518796992361e+00 0.000000000000000000e+00 0.000000000000000000e+00 0.000000000000000000e+00 2.351249345385217164e-15 1.254967328819585337e-01
2.400501253132831803e+00 0.000000000000000000e+00 0.000000000000000000e+00 0.000000000000000000e+00 1.871347528102858922e-15 1.233292028901451926e-01
2.407994987468671688e+00 0.000000000000000000e+00 0.000000000000000000e+00 0.000000000000000000e+00 1.490017495214991575e-15 1.211985704094119404e-01
2.415488721804511130e+00 0.000000000000000000e+00 0.000000000000000000e+00 0.000000000000000000e+00 1.189551502940401221e-15 1.191042232973442555e-01
2.422982456140350571e+00 0.000000000000000000e+00 0.000000000000000000e+00 0.000000000000000000e+00 9.482443775694497389e-16 1.170455590940934071e-01
2.430476190476190457e+00 0.000000000000000000e+00 0.000000000000000000e+00 0.000000000000000000e+00 7.555459687183447440e-16 1.150219848834378583e-01
2.437969924812029898e+00 0.000000000000000000e+00 0.000000000000000000e+00 0.000000000000000000e+00 6.015288640970310962e-16 1.130329171553761947e-01
2.445463659147869784e+00 0.000000000000000000e+00 0.000000000000000000e+00 0.000000000000000000e+00 4.768634688162195371e-16 1.110777816702420567e-01
2.452957393483709225e+00 0.000000000000000000e+00 0.000000000000000000e+00 0.000000000000000000e+00 3.815822526023440713e-16 1.091560133243380526e-01
2.460451127819548667e+00 0.000000000000000000e+00 0.000000000000000000e+00 0.000000000000000000e+00 3.026023863331626936e-16 1.072670560170757431e-01
2.467944862155388552e+00 0.000000000000000000e+00 0.000000000000000000e+00 0.000000000000000000e+00 2.430717268613375782e-16 1.054103625196139288e-01
2.475438596491227994e+00 0.000000000000000000e+00 0.000000000000000000e+00 0.000000000000000000e+00 1.945808162878540323e-16 1.035853943449794451e-01
2.482932330827067435e+00 0.000000000000000000e+00 0.000000000000000000e+00 0.000000000000000000e+00 1.541848630311511752e-16 1.017916216196529389e-01
2.490426065162907321e+00 0.000000000000000000e+00 0.000000000000000000e+00 0.000000000000000000e+00 1.219202726399023539e-16 1.000302103194570108e-01
2.497919799498746762e+00 0.000000000000000000e+00 0.000000000000000000e+00 0.000000000000000000e+00 9.700521573752941429e-17 9.829903186660128578e-02
2.505413533834586204e+00 0.000000000000000000e+00 0.000000000000000000e+00 0.000000000000000000e+00 7.798755657250545055e-17 9.659745364836742898e-02
2.512907268170426089e+00 0.000000000000000000e+00 0.000000000000000000e+00 0.000000000000000000e+00 6.100936514706235425e-17 9.492498027229460955e-02
2.520401002506265531e+00 0.000000000000000000e+00 0.000000000000000000e+00 0.000000000000000000e+00 4.878753788922079016e-17 9.328112431403237648e-02
2.527894736842104972e+00 0.000000000000000000e+00 0.000000000000000000e+00 0.000000000000000000e+00 3.903214242086817830e-17 9.166540619746324503e-02
2.535388471177944858e+00 0.000000000000000000e+00 0.000000000000000000e+00 0.000000000000000000e+00 3.296348481486420467e-17 9.007735407604162969e-02
2.542882205513784299e+00 0.000000000000000000e+00 0.000000000000000000e+00 0.000000000000000000e+00 2.709253136173615397e-17 8.851650371528449468e-02
2.550375939849624185e+00 0.000000000000000000e+00 0.000000000000000000e+00 0.000000000000000000e+00 2.141432095949134145e-17 8.698239837634426375e-02
2.557869674185463627e+00 0.000000000000000000e+00 0.000000000000000000e+00 0.000000000000000000e+00 1.592400208027063227e-17 8.547458870058113889e-02
2.565363408521303068e+00 0.000000000000000000e+00 0.000000000000000000e+00 0.000000000000000000e+00 1.412078244229241783e-17 8.399263259504166634e-02
2.572857142857142954e+00 0.000000000000000000e+00 0.000000000000000000e+00 0.000000000000000000e+00 1.011347108808316218e-17 8.253609511873778726e-02
2.580350877192982395e+00 0.000000000000000000e+00 0.000000000000000000e+00 0.000000000000000000e+00 9.090160381270324333e-18 8.110454836960583058e-02
2.587844611528821837e+00 0.000000000000000000e+00 0.000000000000000000e+00 0.000000000000000000e+00 4.680791829059109472e-18 7.969757137200893238e-02
2.595338345864661722e+00 0.000000000000000000e+00 0.000000000000000000e+00 0.000000000000000000e+00 4.388765661221455314e-18 7.831519036826235791e-02
2.602832080200501164e+00 0.000000000000000000e+00 0.000000000000000000e+00 0.000000000000000000e+00 4.312682173520272639e-18 7.695751514344897903e-02
2.610325814536340605e+00 0.000000000000000000e+00 0.000000000000000000e+00 0.000000000000000000e+00 4.237904639808973632e-18 7.562314251447248281e-02
2.617819548872180491e+00 0.000000000000000000e+00 0.000000000000000000e+00 0.000000000000000000e+00 4.164411035852921551e-18 7.431167911577518659e-02
2.625313283208019932e+00 0.000000000000000000e+00 0.000000000000000000e+00 0.000000000000000000e+00 2.900242840787242215e-18 7.302273792491750792e-02
2.632807017543859374e+00 0.000000000000000000e+00 0.000000000000000000e+00 0.000000000000000000e+00 0.000000000000000000e+00 7.175593814930027181e-02
2.640300751879699259e+00 0.000000000000000000e+00 0.000000000000000000e+00 0.000000000000000000e+00 0.000000000000000000e+00 7.051090511190293009e-02
2.647794486215538701e+00 0.000000000000000000e+00 0.000000000000000000e+00 0.000000000000000000e+00 0.000000000000000000e+00 6.928727013574502436e-02
2.655288220551378142e+00 0.000000000000000000e+00 0.000000000000000000e+00 0.000000000000000000e+00 0.000000000000000000e+00 6.808467042676320802e-02
2.662781954887218028e+00 0.000000000000000000e+00 0.000000000000000000e+00 0.000000000000000000e+00 0.000000000000000000e+00 6.690274895478304229e-02
2.670275689223057469e+00 0.000000000000000000e+00 0.000000000000000000e+00 0.000000000000000000e+00 0.000000000000000000e+00 6.574115433224812788e-02
2.677769423558897355e+00 0.000000000000000000e+00 0.000000000000000000e+00 0.000000000000000000e+00 0.000000000000000000e+00 6.459954069036041857e-02
2.685263157894736796e+00 0.000000000000000000e+00 0.000000000000000000e+00 0.000000000000000000e+00 0.000000000000000000e+00 6.347756755228210757e-02
2.692756892230576238e+00 0.000000000000000000e+00 0.000000000000000000e+00 0.000000000000000000e+00 0.000000000000000000e+00 6.237489970304348208e-02
2.700250626566416123e+00 0.000000000000000000e+00 0.000000000000000000e+00 0.000000000000000000e+00 0.000000000000000000e+00 6.129120705581122402e-02
2.707744360902255565e+00 0.000000000000000000e+00 0.000000000000000000e+00 0.000000000000000000e+00 0.000000000000000000e+00 6.022692182688837298e-02
2.715238095238095006e+00 0.000000000000000000e+00 0.000000000000000000e+00 0.000000000000000000e+00 0.000000000000000000e+00 5.918128138021015727e-02
2.722731829573934892e+00 0.000000000000000000e+00 0.000000000000000000e+00 0.000000000000000000e+00 0.000000000000000000e+00 5.815362009640375612e-02
2.730225563909774333e+00 0.000000000000000000e+00 0.000000000000000000e+00 0.000000000000000000e+00 0.000000000000000000e+00 5.714362768294925510e-02
2.737719298245613775e+00 0.000000000000000000e+00 0.000000000000000000e+00 0.000000000000000000e+00 0.000000000000000000e+00 5.615099820809227316e-02
2.745213032581453660e+00 0.000000000000000000e+00 0.000000000000000000e+00 0.000000000000000000e+00 0.000000000000000000e+00 5.517542993783425970e-02
2.752706766917293102e+00 0.000000000000000000e+00 0.000000000000000000e+00 0.000000000000000000e+00 0.000000000000000000e+00 5.421662516761217854e-02
2.760200501253132543e+00 0.000000000000000000e+00 0.000000000000000000e+00 0.000000000000000000e+00 0.000000000000000000e+00 5.327429004868080437e-02
2.767694235588972429e+00 0.000000000000000000e+00 0.000000000000000000e+00 0.000000000000000000e+00 0.000000000000000000e+00 5.234813440930376205e-02
2.775187969924811870e+00 0.000000000000000000e+00 0.000000000000000000e+00 0.000000000000000000e+00 0.000000000000000000e+00 5.143787157095969231e-02
2.782681704260651756e+00 0.000000000000000000e+00 0.000000000000000000e+00 0.000000000000000000e+00 0.000000000000000000e+00 5.054321815988676442e-02
2.790175438596491198e+00 0.000000000000000000e+00 0.000000000000000000e+00 0.000000000000000000e+00 0.000000000000000000e+00 4.966389391441095036e-02
2.797669172932330639e+00 0.000000000000000000e+00 0.000000000000000000e+00 0.000000000000000000e+00 0.000000000000000000e+00 4.879962148863537658e-02
2.805162907268170525e+00 0.000000000000000000e+00 0.000000000000000000e+00 0.000000000000000000e+00 0.000000000000000000e+00 4.795012625321181526e-02
2.812656641604009966e+00 0.000000000000000000e+00 0.000000000000000000e+00 0.000000000000000000e+00 0.000000000000000000e+00 4.711519208145931170e-02
2.820150375939849408e+00 0.000000000000000000e+00 0.000000000000000000e+00 0.000000000000000000e+00 0.000000000000000000e+00 4.629527659564970643e-02
2.827644110275689293e+00 0.000000000000000000e+00 0.000000000000000000e+00 0.000000000000000000e+00 0.000000000000000000e+00 4.548929853511003707e-02
2.835137844611528735e+00 0.000000000000000000e+00 0.000000000000000000e+00 0.000000000000000000e+00 0.000000000000000000e+00 4.469699239487227166e-02
2.842631578947368176e+00 0.000000000000000000e+00 0.000000000000000000e+00 0.000000000000000000e+00 0.000000000000000000e+00 4.391809434291553405e-02
2.850125313283208062e+00 0.000000000000000000e+00 0.000000000000000000e+00 0.000000000000000000e+00 0.000000000000000000e+00 4.315234202853220763e-02
2.857619047619047503e+00 0.000000000000000000e+00 0.000000000000000000e+00 0.000000000000000000e+00 0.000000000000000000e+00 4.239947439756860947e-02
2.865112781954886945e+00 0.000000000000000000e+00 0.000000000000000000e+00 0.000000000000000000e+00 0.000000000000000000e+00 4.165923151647317468e-02
2.872606516290726830e+00 0.000000000000000000e+00 0.000000000000000000e+00 0.000000000000000000e+00 0.000000000000000000e+00 4.093135440719496837e-02
2.880100250626566272e+00 0.000000000000000000e+00 0.000000000000000000e+00 0.000000000000000000e+00 0.000000000000000000e+00 4.021558489506406320e-02
2.887593984962405713e+00 0.000000000000000000e+00 0.000000000000000000e+00 0.000000000000000000e+00 0.000000000000000000e+00 3.951166547185413352e-02
2.895087719298245599e+00 0.000000000000000000e+00 0.000000000000000000e+00 0.000000000000000000e+00 0.000000000000000000e+00 3.881933917627222730e-02
2.902581453634085040e+00 0.000000000000000000e+00 0.000000000000000000e+00 0.000000000000000000e+00 0.000000000000000000e+00 3.813834949413656000e-02
2.910075187969924926e+00 0.000000000000000000e+00 0.000000000000000000e+00 0.000000000000000000e+00 0.000000000000000000e+00 3.746844028048865877e-02
2.917568922305764367e+00 0.000000000000000000e+00 0.000000000000000000e+00 0.000000000000000000e+00 0.000000000000000000e+00 3.680935570584282363e-02
2.925062656641603809e+00 0.000000000000000000e+00 0.000000000000000000e+00 0.000000000000000000e+00 0.000000000000000000e+00 3.616111547910027396e-02
2.932556390977443694e+00 0.000000000000000000e+00 0.000000000000000000e+00 0.000000000000000000e+00 0.000000000000000000e+00 3.552351298539219160e-02
2.940050125313283136e+00 0.000000000000000000e+00 0.000000000000000000e+00 0.000000000000000000e+00 0.000000000000000000e+00 3.489594052052417267e-02
2.947543859649122577e+00 0.000000000000000000e+00 0.000000000000000000e+00 0.000000000000000000e+00 0.000000000000000000e+00 3.427814361261803666e-02
2.955037593984962463e+00 0.000000000000000000e+00 0.000000000000000000e+00 0.000000000000000000e+00 0.000000000000000000e+00 3.366986829522207458e-02
2.962531328320801904e+00 0.000000000000000000e+00 0.000000000000000000e+00 0.000000000000000000e+00 0.000000000000000000e+00 3.307086124624263740e-02
2.970025062656641346e+00 0.000000000000000000e+00 0.000000000000000000e+00 0.000000000000000000e+00 0.000000000000000000e+00 3.248086996235533680e-02
2.977518796992481231e+00 0.000000000000000000e+00 0.000000000000000000e+00 0.000000000000000000e+00 0.000000000000000000e+00 3.189964296936426830e-02
2.985012531328320673e+00 0.000000000000000000e+00 0.000000000000000000e+00 0.000000000000000000e+00 0.000000000000000000e+00 3.132693006861680951e-02
2.992506265664160114e+00 0.000000000000000000e+00 0.000000000000000000e+00 0.000000000000000000e+00 0.000000000000000000e+00 3.076248261920202717e-02
3.000000000000000000e+00 0.000000000000000000e+00 0.000000000000000000e+00 0.000000000000000000e+00 0.000000000000000000e+00 3.020605385526099057e-02
